280.000000	1.068432e-024	1.495805e-022
280.500000	2.784390e-023	1.568085e-022
281.000000	1.289512e-022	1.960073e-022
281.500000	3.556073e-021	1.117263e-021
282.000000	2.717169e-020	8.799203e-021
282.500000	1.035294e-019	4.147447e-020
283.000000	4.211869e-019	1.726535e-019
283.500000	8.085564e-019	4.800894e-019
284.000000	1.664633e-017	4.843811e-018
284.500000	5.703724e-017	2.326470e-017
285.000000	1.842256e-016	8.358042e-017
285.500000	9.812806e-016	3.749570e-016
286.000000	3.156633e-015	1.409435e-015
286.500000	1.937014e-014	7.041129e-015
287.000000	6.335109e-014	2.772144e-014
287.500000	2.528301e-013	1.067667e-013
288.000000	1.448049e-012	5.319866e-013
288.500000	3.993546e-012	1.892386e-012
289.000000	1.311539e-011	6.169619e-012
289.500000	4.844966e-011	2.156088e-011
290.000000	1.407371e-010	6.885757e-011
290.500000	3.229497e-010	1.847793e-010
291.000000	8.227176e-010	4.711961e-010
291.500000	2.565829e-009	1.318333e-009
292.000000	6.319002e-009	3.539541e-009
292.500000	1.007039e-008	7.636888e-009
293.000000	2.043422e-008	1.526304e-008
293.500000	5.375426e-008	3.381016e-008
294.000000	9.898888e-008	7.199594e-008
294.500000	1.565627e-007	1.358838e-007
295.000000	2.924280e-007	2.481315e-007
295.500000	6.632134e-007	4.870418e-007
296.000000	1.143690e-006	9.387678e-007
296.500000	1.706213e-006	1.651244e-006
297.000000	2.318872e-006	2.657515e-006
297.500000	4.465105e-006	4.353509e-006
298.000000	6.967541e-006	7.211671e-006
298.500000	8.616659e-006	1.110772e-005
299.000000	1.186802e-005	1.622889e-005
299.500000	2.079139e-005	2.439374e-005
300.000000	2.469331e-005	3.576492e-005
300.500000	3.017580e-005	4.948220e-005
301.000000	4.685639e-005	6.874024e-005
301.500000	6.545014e-005	9.681688e-005
302.000000	7.114897e-005	1.309667e-004
302.500000	1.045249e-004	1.748851e-004
303.000000	1.733842e-004	2.443624e-004
303.500000	2.198143e-004	3.426620e-004
304.000000	2.322058e-004	4.556670e-004
304.500000	2.935683e-004	5.871106e-004
305.000000	4.049989e-004	7.617524e-004
305.500000	4.612526e-004	9.783153e-004
306.000000	4.585028e-004	1.208254e-003
306.500000	5.218222e-004	1.453335e-003
307.000000	6.895932e-004	1.756189e-003
307.500000	8.838262e-004	2.149544e-003
308.000000	9.399666e-004	2.605492e-003
308.500000	1.030897e-003	3.098208e-003
309.000000	1.010236e-003	3.608491e-003
309.500000	1.081070e-003	4.131318e-003
310.000000	1.273671e-003	4.720003e-003
310.500000	1.641395e-003	5.448769e-003
311.000000	2.080057e-003	6.379132e-003
311.500000	2.112495e-003	7.427270e-003
312.000000	2.349821e-003	8.542849e-003
312.500000	2.494940e-003	9.754039e-003
313.000000	2.709633e-003	1.105518e-002
313.500000	2.720030e-003	1.241260e-002
314.000000	3.031325e-003	1.385044e-002
314.500000	3.312904e-003	1.543649e-002
315.000000	3.461721e-003	1.713015e-002
315.500000	3.012470e-003	1.874870e-002
316.000000	3.147232e-003	2.028862e-002
316.500000	3.838407e-003	2.203503e-002
317.000000	4.387033e-003	2.409139e-002
317.500000	4.672320e-003	2.635623e-002
318.000000	4.512703e-003	2.865249e-002
318.500000	4.775922e-003	3.097464e-002
319.000000	5.266881e-003	3.348534e-002
319.500000	5.048102e-003	3.606409e-002
320.000000	5.298104e-003	3.865064e-002
320.500000	6.339895e-003	4.156014e-002
321.000000	6.478982e-003	4.476486e-002
321.500000	6.182824e-003	4.793031e-002
322.000000	5.766503e-003	5.091764e-002
322.500000	5.646958e-003	5.377101e-002
323.000000	5.529880e-003	5.656522e-002
323.500000	6.486910e-003	5.956942e-002
324.000000	7.196257e-003	6.299021e-002
324.500000	7.412561e-003	6.664241e-002
325.000000	7.312050e-003	7.032356e-002
325.500000	8.515757e-003	7.428052e-002
326.000000	1.002341e-002	7.891531e-002
326.500000	1.072401e-002	8.410216e-002
327.000000	1.049884e-002	8.940788e-002
327.500000	1.016066e-002	9.457275e-002
328.000000	9.290175e-003	9.943546e-002
328.500000	9.846975e-003	1.042197e-001
329.000000	1.120762e-002	1.094834e-001
329.500000	1.245861e-002	1.154000e-001
330.000000	1.254698e-002	1.216514e-001
330.500000	1.140933e-002	1.276404e-001
331.000000	1.074901e-002	1.331800e-001
331.500000	1.117808e-002	1.386618e-001
332.000000	1.168150e-002	1.443767e-001
332.500000	1.177848e-002	1.502417e-001
333.000000	1.153431e-002	1.560699e-001
333.500000	1.095447e-002	1.616921e-001
334.000000	1.117913e-002	1.672255e-001
334.500000	1.200851e-002	1.730224e-001
335.000000	1.253417e-002	1.791580e-001
335.500000	1.226197e-002	1.853571e-001
336.000000	1.125204e-002	1.912356e-001
336.500000	1.037176e-002	1.966415e-001
337.000000	1.016048e-002	2.017746e-001
337.500000	1.090265e-002	2.070404e-001
338.000000	1.183482e-002	2.127247e-001
338.500000	1.243005e-002	2.187910e-001
339.000000	1.267480e-002	2.250672e-001
339.500000	1.299225e-002	2.314839e-001
340.000000	1.376115e-002	2.381723e-001
340.500000	1.375145e-002	2.450504e-001
341.000000	1.296522e-002	2.517296e-001
341.500000	1.292804e-002	2.582029e-001
342.000000	1.349839e-002	2.648095e-001
342.500000	1.402449e-002	2.716902e-001
343.000000	1.424471e-002	2.787575e-001
343.500000	1.346754e-002	2.856856e-001
344.000000	1.160984e-002	2.919549e-001
344.500000	1.119991e-002	2.976574e-001
345.000000	1.277197e-002	3.036504e-001
345.500000	1.363597e-002	3.102523e-001
346.000000	1.333365e-002	3.169947e-001
346.500000	1.359858e-002	3.237278e-001
347.000000	1.382727e-002	3.305843e-001
347.500000	1.336231e-002	3.373817e-001
348.000000	1.333578e-002	3.440562e-001
348.500000	1.358684e-002	3.507868e-001
349.000000	1.310753e-002	3.574604e-001
349.500000	1.347614e-002	3.641063e-001
350.000000	1.490495e-002	3.712016e-001
350.500000	1.604095e-002	3.789381e-001
351.000000	1.561963e-002	3.868532e-001
351.500000	1.503233e-002	3.945162e-001
352.000000	1.470422e-002	4.019504e-001
352.500000	1.392077e-002	4.091066e-001
353.000000	1.481689e-002	4.162910e-001
353.500000	1.631710e-002	4.240745e-001
354.000000	1.727386e-002	4.324723e-001
354.500000	1.748640e-002	4.411623e-001
355.000000	1.750648e-002	4.499105e-001
355.500000	1.692555e-002	4.585186e-001
356.000000	1.590387e-002	4.667259e-001
356.500000	1.493562e-002	4.744358e-001
357.000000	1.315142e-002	4.814575e-001
357.500000	1.332613e-002	4.880769e-001
358.000000	1.241816e-002	4.945130e-001
358.500000	1.154489e-002	5.005038e-001
359.000000	1.359574e-002	5.067889e-001
359.500000	1.639717e-002	5.142871e-001
360.000000	1.736889e-002	5.227287e-001
360.500000	1.643754e-002	5.311803e-001
361.000000	1.514802e-002	5.390767e-001
361.500000	1.485760e-002	5.465781e-001
362.000000	1.559759e-002	5.541919e-001
362.500000	1.710736e-002	5.623681e-001
363.000000	1.762314e-002	5.710507e-001
363.500000	1.716365e-002	5.797474e-001
364.000000	1.779998e-002	5.884883e-001
364.500000	1.765686e-002	5.973525e-001
365.000000	1.835849e-002	6.063564e-001
365.500000	2.023176e-002	6.160039e-001
366.000000	2.170713e-002	6.264887e-001
366.500000	2.177403e-002	6.373590e-001
367.000000	2.139731e-002	6.481518e-001
367.500000	2.102008e-002	6.587561e-001
368.000000	1.981539e-002	6.689650e-001
368.500000	1.970886e-002	6.788461e-001
369.000000	2.062997e-002	6.889308e-001
369.500000	2.219397e-002	6.996368e-001
370.000000	2.253377e-002	7.108187e-001
370.500000	2.039886e-002	7.215519e-001
371.000000	2.074867e-002	7.318387e-001
371.500000	2.158956e-002	7.424233e-001
372.000000	2.023631e-002	7.528798e-001
372.500000	1.930477e-002	7.627650e-001
373.000000	1.861857e-002	7.722459e-001
373.500000	1.680586e-002	7.811020e-001
374.000000	1.678432e-002	7.894995e-001
374.500000	1.668201e-002	7.978661e-001
375.000000	1.782431e-002	8.064927e-001
375.500000	1.973556e-002	8.158826e-001
376.000000	2.046482e-002	8.259327e-001
376.500000	2.016103e-002	8.360892e-001
377.000000	2.165802e-002	8.465440e-001
377.500000	2.419264e-002	8.580066e-001
378.000000	2.609668e-002	8.705790e-001
378.500000	2.546658e-002	8.834698e-001
379.000000	2.274013e-002	8.955214e-001
379.500000	2.041136e-002	9.063093e-001
380.000000	2.147851e-002	9.167818e-001
380.500000	2.304066e-002	9.279116e-001
381.000000	2.347290e-002	9.395400e-001
381.500000	2.118173e-002	9.507036e-001
382.000000	1.807939e-002	9.605189e-001
382.500000	1.566084e-002	9.689540e-001
383.000000	1.405548e-002	9.763830e-001
383.500000	1.362531e-002	9.833032e-001
384.000000	1.578606e-002	9.906561e-001
384.500000	1.902916e-002	9.993599e-001
385.000000	2.091585e-002	1.009346e+000
385.500000	2.001270e-002	1.019578e+000
386.000000	1.933410e-002	1.029415e+000
386.500000	2.012914e-002	1.039281e+000
387.000000	2.033529e-002	1.049397e+000
387.500000	2.006683e-002	1.059497e+000
388.000000	1.989807e-002	1.069489e+000
388.500000	1.978395e-002	1.079409e+000
389.000000	2.150590e-002	1.089732e+000
389.500000	2.386682e-002	1.101075e+000
390.000000	2.507047e-002	1.113309e+000
390.500000	2.531427e-002	1.125905e+000
391.000000	2.685006e-002	1.138946e+000
391.500000	2.726522e-002	1.152475e+000
392.000000	2.513390e-002	1.165575e+000
392.500000	2.097570e-002	1.177102e+000
393.000000	1.520731e-002	1.186148e+000
393.500000	1.210897e-002	1.192977e+000
394.000000	1.575193e-002	1.199942e+000
394.500000	2.175970e-002	1.209320e+000
395.000000	2.573374e-002	1.221194e+000
395.500000	2.744617e-002	1.234489e+000
396.000000	2.416450e-002	1.247391e+000
396.500000	1.759483e-002	1.257831e+000
397.000000	1.364705e-002	1.265642e+000
397.500000	2.018103e-002	1.274099e+000
398.000000	2.736638e-002	1.285986e+000
398.500000	3.236381e-002	1.300918e+000
399.000000	3.441260e-002	1.317612e+000
399.500000	3.551263e-002	1.335093e+000
400.000000	3.594423e-002	1.352958e+000
401.000000	3.752837e-002	1.389694e+000
402.000000	3.910699e-002	1.428012e+000
403.000000	3.774805e-002	1.466439e+000
404.000000	3.845432e-002	1.504540e+000
405.000000	3.760218e-002	1.542569e+000
406.000000	3.676502e-002	1.579752e+000
407.000000	3.619573e-002	1.616233e+000
408.000000	3.789059e-002	1.653276e+000
409.000000	4.057309e-002	1.692508e+000
410.000000	3.467347e-002	1.730131e+000
411.000000	3.891176e-002	1.766924e+000
412.000000	4.146553e-002	1.807112e+000
413.000000	3.987728e-002	1.847784e+000
414.000000	3.954307e-002	1.887494e+000
415.000000	4.103106e-002	1.927781e+000
416.000000	4.235799e-002	1.969475e+000
417.000000	4.141042e-002	2.011360e+000
418.000000	3.970598e-002	2.051918e+000
419.000000	4.142654e-002	2.092484e+000
420.000000	3.804971e-002	2.132222e+000
421.000000	4.331872e-002	2.172906e+000
422.000000	4.282937e-002	2.215980e+000
423.000000	4.156954e-002	2.258180e+000
424.000000	4.143868e-002	2.299684e+000
425.000000	4.280819e-002	2.341807e+000
426.000000	4.169600e-002	2.384059e+000
427.000000	4.037836e-002	2.425097e+000
428.000000	4.086992e-002	2.465721e+000
429.000000	3.793427e-002	2.505123e+000
430.000000	3.033422e-002	2.539257e+000
431.000000	2.760006e-002	2.568224e+000
432.000000	4.601855e-002	2.605034e+000
433.000000	4.291549e-002	2.649501e+000
434.000000	3.973810e-002	2.690827e+000
435.000000	4.368913e-002	2.732541e+000
436.000000	4.803418e-002	2.778403e+000
437.000000	4.914538e-002	2.826992e+000
438.000000	4.323441e-002	2.873182e+000
439.000000	4.169370e-002	2.915646e+000
440.000000	4.790703e-002	2.960447e+000
441.000000	4.735431e-002	3.008077e+000
442.000000	5.080215e-002	3.057156e+000
443.000000	5.164244e-002	3.108378e+000
444.000000	5.043755e-002	3.159418e+000
445.000000	5.247140e-002	3.210872e+000
446.000000	4.715376e-002	3.260685e+000
447.000000	5.373116e-002	3.311127e+000
448.000000	5.449456e-002	3.365240e+000
449.000000	5.448583e-002	3.419731e+000
450.000000	5.660345e-002	3.475275e+000
451.000000	5.883180e-002	3.532993e+000
452.000000	5.644305e-002	3.590630e+000
453.000000	5.223819e-002	3.644971e+000
454.000000	5.615451e-002	3.699167e+000
455.000000	5.587084e-002	3.755180e+000
456.000000	5.783262e-002	3.812032e+000
457.000000	5.843863e-002	3.870167e+000
458.000000	5.731051e-002	3.928042e+000
459.000000	5.698027e-002	3.985187e+000
460.000000	5.673339e-002	4.042044e+000
461.000000	5.884974e-002	4.099836e+000
462.000000	5.952890e-002	4.159025e+000
463.000000	5.986688e-002	4.218723e+000
464.000000	5.817358e-002	4.277743e+000
465.000000	5.757134e-002	4.335615e+000
466.000000	5.890919e-002	4.393856e+000
467.000000	5.639891e-002	4.451510e+000
468.000000	5.895818e-002	4.509188e+000
469.000000	5.932248e-002	4.568329e+000
470.000000	5.715547e-002	4.626568e+000
471.000000	5.824201e-002	4.684266e+000
472.000000	6.139226e-002	4.744084e+000
473.000000	5.913026e-002	4.804345e+000
474.000000	5.991286e-002	4.863866e+000
475.000000	6.200851e-002	4.924827e+000
476.000000	6.001209e-002	4.985837e+000
477.000000	6.049597e-002	5.046091e+000
478.000000	6.257364e-002	5.107626e+000
479.000000	6.149141e-002	5.169659e+000
480.000000	6.264575e-002	5.231727e+000
481.000000	6.276074e-002	5.294430e+000
482.000000	6.312059e-002	5.357371e+000
483.000000	6.248019e-002	5.420172e+000
484.000000	6.142279e-002	5.482123e+000
485.000000	6.135019e-002	5.543510e+000
486.000000	4.984617e-002	5.599108e+000
487.000000	5.593897e-002	5.652000e+000
488.000000	6.066693e-002	5.710303e+000
489.000000	5.726517e-002	5.769269e+000
490.000000	6.412081e-002	5.829962e+000
491.000000	6.176065e-002	5.892903e+000
492.000000	5.900541e-002	5.953286e+000
493.000000	6.323696e-002	6.014407e+000
494.000000	6.185909e-002	6.076955e+000
495.000000	6.581716e-002	6.140793e+000
496.000000	6.271363e-002	6.205059e+000
497.000000	6.391439e-002	6.268373e+000
498.000000	6.229571e-002	6.331478e+000
499.000000	6.241275e-002	6.393832e+000
500.000000	6.231199e-002	6.456194e+000
501.000000	6.052524e-002	6.517613e+000
502.000000	6.059747e-002	6.578174e+000
503.000000	6.350539e-002	6.640226e+000
504.000000	5.929820e-002	6.701628e+000
505.000000	6.368458e-002	6.763119e+000
506.000000	6.637780e-002	6.828150e+000
507.000000	6.363009e-002	6.893154e+000
508.000000	6.213712e-002	6.956038e+000
509.000000	6.524822e-002	7.019730e+000
510.000000	6.368163e-002	7.084195e+000
511.000000	6.499352e-002	7.148533e+000
512.000000	6.684278e-002	7.214451e+000
513.000000	6.291835e-002	7.279332e+000
514.000000	6.171020e-002	7.341646e+000
515.000000	6.361227e-002	7.404307e+000
516.000000	6.432262e-002	7.468275e+000
517.000000	5.251692e-002	7.526694e+000
518.000000	6.017661e-002	7.583041e+000
519.000000	5.842577e-002	7.642342e+000
520.000000	6.390271e-002	7.703507e+000
521.000000	6.448785e-002	7.767702e+000
522.000000	6.605998e-002	7.832976e+000
523.000000	6.238576e-002	7.897199e+000
524.000000	6.722177e-002	7.962002e+000
525.000000	6.682498e-002	8.029026e+000
526.000000	6.508553e-002	8.094981e+000
527.000000	5.703101e-002	8.156039e+000
528.000000	6.540114e-002	8.217255e+000
529.000000	6.857149e-002	8.284242e+000
530.000000	6.602933e-002	8.351542e+000
531.000000	6.977726e-002	8.419445e+000
532.000000	6.864712e-002	8.488658e+000
533.000000	6.141619e-002	8.553689e+000
534.000000	6.590744e-002	8.617351e+000
535.000000	6.703630e-002	8.683823e+000
536.000000	7.003224e-002	8.752357e+000
537.000000	6.492201e-002	8.819834e+000
538.000000	6.829310e-002	8.886442e+000
539.000000	6.674192e-002	8.953959e+000
540.000000	6.457040e-002	9.019616e+000
541.000000	6.218528e-002	9.082993e+000
542.000000	6.780849e-002	9.147990e+000
543.000000	6.681678e-002	9.215303e+000
544.000000	6.929167e-002	9.283357e+000
545.000000	6.784973e-002	9.351928e+000
546.000000	6.734007e-002	9.419523e+000
547.000000	6.834138e-002	9.487363e+000
548.000000	6.651708e-002	9.554793e+000
549.000000	6.872410e-002	9.622413e+000
550.000000	6.831250e-002	9.690932e+000
551.000000	6.836116e-002	9.759268e+000
552.000000	6.988770e-002	9.828393e+000
553.000000	6.802052e-002	9.897347e+000
554.000000	6.947959e-002	9.966097e+000
555.000000	6.998550e-002	1.003583e+001
556.000000	6.890974e-002	1.010528e+001
557.000000	6.733547e-002	1.017340e+001
558.000000	6.890558e-002	1.024152e+001
559.000000	6.530032e-002	1.030862e+001
560.000000	6.657796e-002	1.037456e+001
561.000000	7.056563e-002	1.044313e+001
562.000000	6.730077e-002	1.051207e+001
563.000000	6.996803e-002	1.058070e+001
564.000000	6.871849e-002	1.065005e+001
565.000000	6.927326e-002	1.071904e+001
566.000000	6.562043e-002	1.078649e+001
567.000000	7.006269e-002	1.085433e+001
568.000000	6.954487e-002	1.092413e+001
569.000000	6.795546e-002	1.099288e+001
570.000000	6.811626e-002	1.106092e+001
571.000000	6.600208e-002	1.112798e+001
572.000000	6.982240e-002	1.119589e+001
573.000000	7.024025e-002	1.126592e+001
574.000000	6.999709e-002	1.133604e+001
575.000000	6.853290e-002	1.140531e+001
576.000000	6.808065e-002	1.147361e+001
577.000000	6.991615e-002	1.154261e+001
578.000000	6.787881e-002	1.161151e+001
579.000000	6.897696e-002	1.167994e+001
580.000000	7.026563e-002	1.174956e+001
581.000000	7.071012e-002	1.182005e+001
582.000000	7.191620e-002	1.189136e+001
583.000000	7.278744e-002	1.196371e+001
584.000000	7.276627e-002	1.203649e+001
585.000000	7.230578e-002	1.210902e+001
586.000000	7.067584e-002	1.218051e+001
587.000000	7.234939e-002	1.225203e+001
588.000000	7.082694e-002	1.232361e+001
589.000000	6.125591e-002	1.238966e+001
590.000000	6.523832e-002	1.245290e+001
591.000000	6.989171e-002	1.252047e+001
592.000000	6.853930e-002	1.258968e+001
593.000000	6.964515e-002	1.265878e+001
594.000000	6.942722e-002	1.272831e+001
595.000000	6.866587e-002	1.279736e+001
596.000000	7.088201e-002	1.286713e+001
597.000000	7.120800e-002	1.293818e+001
598.000000	7.045425e-002	1.300901e+001
599.000000	7.056724e-002	1.307952e+001
600.000000	7.139645e-002	1.315050e+001
601.000000	7.067197e-002	1.322154e+001
602.000000	6.972619e-002	1.329173e+001
603.000000	7.132056e-002	1.336226e+001
604.000000	7.269087e-002	1.343426e+001
605.000000	7.268435e-002	1.350695e+001
606.000000	7.244767e-002	1.357952e+001
607.000000	7.300296e-002	1.365224e+001
608.000000	7.288293e-002	1.372519e+001
609.000000	7.244774e-002	1.379785e+001
610.000000	7.225674e-002	1.387020e+001
611.000000	7.200558e-002	1.394233e+001
612.000000	7.320940e-002	1.401494e+001
613.000000	7.229072e-002	1.408769e+001
614.000000	7.020484e-002	1.415894e+001
615.000000	7.290357e-002	1.423049e+001
616.000000	7.109930e-002	1.430250e+001
617.000000	7.030899e-002	1.437320e+001
618.000000	7.309471e-002	1.444490e+001
619.000000	7.355748e-002	1.451823e+001
620.000000	7.370632e-002	1.459186e+001
621.000000	7.414075e-002	1.466578e+001
622.000000	7.158614e-002	1.473865e+001
623.000000	7.117863e-002	1.481003e+001
624.000000	7.105633e-002	1.488115e+001
625.000000	7.070642e-002	1.495203e+001
626.000000	7.074886e-002	1.502276e+001
627.000000	7.291006e-002	1.509458e+001
628.000000	6.904502e-002	1.516556e+001
629.000000	7.160540e-002	1.523589e+001
630.000000	7.075377e-002	1.530707e+001
631.000000	7.207228e-002	1.537848e+001
632.000000	6.952048e-002	1.544928e+001
633.000000	7.407237e-002	1.552107e+001
634.000000	7.304392e-002	1.559463e+001
635.000000	7.405032e-002	1.566818e+001
636.000000	7.247410e-002	1.574144e+001
637.000000	7.506451e-002	1.581521e+001
638.000000	7.568151e-002	1.589058e+001
639.000000	7.548574e-002	1.596617e+001
640.000000	7.402427e-002	1.604092e+001
641.000000	7.418129e-002	1.611502e+001
642.000000	7.444201e-002	1.618934e+001
643.000000	7.533072e-002	1.626422e+001
644.000000	7.512063e-002	1.633945e+001
645.000000	7.578353e-002	1.641490e+001
646.000000	7.372826e-002	1.648966e+001
647.000000	7.350840e-002	1.656327e+001
648.000000	7.292165e-002	1.663649e+001
649.000000	7.076757e-002	1.670833e+001
650.000000	7.126981e-002	1.677935e+001
651.000000	7.585840e-002	1.685292e+001
652.000000	7.294581e-002	1.692732e+001
653.000000	7.537515e-002	1.700148e+001
654.000000	7.465712e-002	1.707650e+001
655.000000	7.131615e-002	1.714948e+001
656.000000	6.270524e-002	1.721649e+001
657.000000	6.567299e-002	1.728068e+001
658.000000	7.353218e-002	1.735028e+001
659.000000	7.390969e-002	1.742401e+001
660.000000	7.448498e-002	1.749820e+001
661.000000	7.428328e-002	1.757259e+001
662.000000	7.378696e-002	1.764662e+001
663.000000	7.403211e-002	1.772053e+001
664.000000	7.480252e-002	1.779495e+001
665.000000	7.624001e-002	1.787047e+001
666.000000	7.629557e-002	1.794674e+001
667.000000	7.586676e-002	1.802282e+001
668.000000	7.623912e-002	1.809887e+001
669.000000	7.766988e-002	1.817583e+001
670.000000	7.671597e-002	1.825302e+001
671.000000	7.668435e-002	1.832972e+001
672.000000	7.573085e-002	1.840593e+001
673.000000	7.650579e-002	1.848205e+001
674.000000	7.651075e-002	1.855855e+001
675.000000	7.599272e-002	1.863481e+001
676.000000	7.698859e-002	1.871130e+001
677.000000	7.639808e-002	1.878799e+001
678.000000	7.692107e-002	1.886465e+001
679.000000	7.638280e-002	1.894130e+001
680.000000	7.661596e-002	1.901780e+001
681.000000	7.643202e-002	1.909432e+001
682.000000	7.690731e-002	1.917099e+001
683.000000	7.618823e-002	1.924754e+001
684.000000	7.579773e-002	1.932353e+001
685.000000	7.595828e-002	1.939941e+001
686.000000	7.435390e-002	1.947457e+001
687.000000	5.365186e-002	1.953857e+001
688.000000	6.218477e-002	1.959649e+001
689.000000	6.267528e-002	1.965892e+001
690.000000	6.578825e-002	1.972315e+001
691.000000	6.873719e-002	1.979041e+001
692.000000	7.082368e-002	1.986019e+001
693.000000	7.047886e-002	1.993085e+001
694.000000	6.976891e-002	2.000097e+001
695.000000	7.127086e-002	2.007149e+001
696.000000	7.120500e-002	2.014273e+001
697.000000	7.534940e-002	2.021600e+001
698.000000	7.426960e-002	2.029081e+001
699.000000	7.283120e-002	2.036436e+001
700.000000	7.239902e-002	2.043698e+001
701.000000	7.157517e-002	2.050897e+001
702.000000	7.176221e-002	2.058064e+001
703.000000	7.227836e-002	2.065266e+001
704.000000	7.426069e-002	2.072593e+001
705.000000	7.513952e-002	2.080063e+001
706.000000	7.484749e-002	2.087562e+001
707.000000	7.464557e-002	2.095037e+001
708.000000	7.451131e-002	2.102494e+001
709.000000	7.488533e-002	2.109964e+001
710.000000	7.544908e-002	2.117481e+001
711.000000	7.544066e-002	2.125025e+001
712.000000	7.506436e-002	2.132551e+001
713.000000	7.428991e-002	2.140018e+001
714.000000	7.503334e-002	2.147485e+001
715.000000	7.258941e-002	2.154866e+001
716.000000	7.343592e-002	2.162167e+001
717.000000	6.402521e-002	2.169040e+001
718.000000	5.962632e-002	2.175223e+001
719.000000	5.353777e-002	2.180881e+001
720.000000	5.723137e-002	2.186419e+001
721.000000	6.316116e-002	2.192439e+001
722.000000	7.225185e-002	2.199210e+001
723.000000	6.673615e-002	2.206159e+001
724.000000	6.163704e-002	2.212578e+001
725.000000	6.069884e-002	2.218694e+001
726.000000	6.331809e-002	2.224895e+001
727.000000	6.362227e-002	2.231242e+001
728.000000	6.106744e-002	2.237477e+001
729.000000	6.153940e-002	2.243607e+001
730.000000	6.644609e-002	2.250006e+001
731.000000	6.310560e-002	2.256484e+001
732.000000	6.809826e-002	2.263044e+001
733.000000	7.072171e-002	2.269985e+001
734.000000	7.315670e-002	2.277179e+001
735.000000	7.219520e-002	2.284447e+001
736.000000	7.158699e-002	2.291636e+001
737.000000	7.156537e-002	2.298793e+001
738.000000	7.303155e-002	2.306023e+001
739.000000	7.096085e-002	2.313223e+001
740.000000	7.278779e-002	2.320410e+001
741.000000	7.260524e-002	2.327680e+001
742.000000	7.273315e-002	2.334947e+001
743.000000	7.434137e-002	2.342301e+001
744.000000	7.502952e-002	2.349769e+001
745.000000	7.509431e-002	2.357275e+001
746.000000	7.503265e-002	2.364782e+001
747.000000	7.517541e-002	2.372292e+001
748.000000	7.481752e-002	2.379792e+001
749.000000	7.465173e-002	2.387265e+001
750.000000	7.465461e-002	2.394730e+001
751.000000	7.442099e-002	2.402184e+001
752.000000	7.478697e-002	2.409645e+001
753.000000	7.449771e-002	2.417109e+001
754.000000	7.553321e-002	2.424610e+001
755.000000	7.540807e-002	2.432158e+001
756.000000	7.458719e-002	2.439657e+001
757.000000	7.461869e-002	2.447118e+001
758.000000	7.516969e-002	2.454607e+001
759.000000	7.312619e-002	2.462022e+001
760.000000	1.630818e-002	2.466494e+001
761.000000	9.450125e-003	2.467781e+001
762.000000	4.226431e-002	2.470367e+001
763.000000	2.335631e-002	2.473648e+001
764.000000	3.320090e-002	2.476476e+001
765.000000	4.232889e-002	2.480253e+001
766.000000	5.032960e-002	2.484885e+001
767.000000	6.026638e-002	2.490415e+001
768.000000	6.899434e-002	2.496878e+001
769.000000	6.995253e-002	2.503826e+001
770.000000	7.209300e-002	2.510928e+001
771.000000	7.267169e-002	2.518166e+001
772.000000	7.333881e-002	2.525467e+001
773.000000	7.339016e-002	2.532803e+001
774.000000	7.348511e-002	2.540147e+001
775.000000	7.358005e-002	2.547500e+001
776.000000	7.384398e-002	2.554871e+001
777.000000	7.349418e-002	2.562238e+001
778.000000	7.350091e-002	2.569588e+001
779.000000	7.392212e-002	2.576959e+001
780.000000	7.320543e-002	2.584316e+001
781.000000	7.311661e-002	2.591632e+001
782.000000	7.355713e-002	2.598965e+001
783.000000	7.334805e-002	2.606311e+001
784.000000	7.294849e-002	2.613625e+001
785.000000	7.335812e-002	2.620941e+001
786.000000	7.348961e-002	2.628283e+001
787.000000	7.268172e-002	2.635592e+001
788.000000	7.185248e-002	2.642818e+001
789.000000	7.163820e-002	2.649993e+001
790.000000	6.951793e-002	2.657051e+001
791.000000	7.055017e-002	2.664054e+001
792.000000	6.996861e-002	2.671080e+001
793.000000	6.955806e-002	2.678056e+001
794.000000	7.026698e-002	2.685048e+001
795.000000	7.009899e-002	2.692066e+001
796.000000	6.896730e-002	2.699019e+001
797.000000	7.015320e-002	2.705975e+001
798.000000	7.158001e-002	2.713062e+001
799.000000	7.027769e-002	2.720155e+001
800.000000	6.920417e-002	2.727129e+001
801.000000	7.005304e-002	2.734092e+001
802.000000	7.022459e-002	2.741106e+001
803.000000	6.902327e-002	2.748068e+001
804.000000	6.991983e-002	2.755015e+001
805.000000	6.846797e-002	2.761935e+001
806.000000	7.134195e-002	2.768925e+001
807.000000	7.068192e-002	2.776026e+001
808.000000	7.052186e-002	2.783087e+001
809.000000	6.882776e-002	2.790054e+001
810.000000	6.898470e-002	2.796945e+001
811.000000	6.889980e-002	2.803839e+001
812.000000	6.724916e-002	2.810646e+001
813.000000	6.613853e-002	2.817316e+001
814.000000	5.932345e-002	2.823589e+001
815.000000	5.884875e-002	2.829497e+001
816.000000	5.476991e-002	2.835178e+001
817.000000	5.613322e-002	2.840723e+001
818.000000	5.427274e-002	2.846244e+001
819.000000	5.979552e-002	2.851947e+001
820.000000	5.700404e-002	2.857787e+001
821.000000	6.606357e-002	2.863941e+001
822.000000	6.308957e-002	2.870398e+001
823.000000	4.465527e-002	2.875785e+001
824.000000	6.214579e-002	2.881125e+001
825.000000	6.450295e-002	2.887458e+001
826.000000	6.221335e-002	2.893794e+001
827.000000	6.567989e-002	2.900188e+001
828.000000	5.675276e-002	2.906310e+001
829.000000	6.213774e-002	2.912255e+001
830.000000	6.132299e-002	2.918428e+001
831.000000	6.192705e-002	2.924590e+001
832.000000	6.001118e-002	2.930687e+001
833.000000	6.426507e-002	2.936901e+001
834.000000	6.283675e-002	2.943256e+001
835.000000	6.756457e-002	2.949776e+001
836.000000	6.556460e-002	2.956432e+001
837.000000	6.813146e-002	2.963117e+001
838.000000	6.752411e-002	2.969900e+001
839.000000	6.775965e-002	2.976664e+001
840.000000	6.881605e-002	2.983493e+001
841.000000	6.851811e-002	2.990360e+001
842.000000	6.771195e-002	2.997171e+001
843.000000	6.835468e-002	3.003975e+001
844.000000	6.714302e-002	3.010749e+001
845.000000	6.928019e-002	3.017571e+001
846.000000	6.951230e-002	3.024510e+001
847.000000	6.774991e-002	3.031373e+001
848.000000	6.786205e-002	3.038154e+001
849.000000	6.751682e-002	3.044923e+001
850.000000	6.127247e-002	3.051362e+001
851.000000	6.691878e-002	3.057772e+001
852.000000	6.660846e-002	3.064448e+001
853.000000	6.638322e-002	3.071098e+001
854.000000	5.862646e-002	3.077348e+001
855.000000	6.296249e-002	3.083428e+001
856.000000	6.719044e-002	3.089935e+001
857.000000	6.854703e-002	3.096722e+001
858.000000	6.864777e-002	3.103582e+001
859.000000	6.871046e-002	3.110450e+001
860.000000	6.854420e-002	3.117313e+001
861.000000	6.852876e-002	3.124166e+001
862.000000	6.914371e-002	3.131050e+001
863.000000	6.964227e-002	3.137989e+001
864.000000	6.823582e-002	3.144883e+001
865.000000	6.720408e-002	3.151655e+001
866.000000	5.930217e-002	3.157980e+001
867.000000	6.401820e-002	3.164146e+001
868.000000	6.715431e-002	3.170705e+001
869.000000	6.655600e-002	3.177391e+001
870.000000	6.789498e-002	3.184113e+001
871.000000	6.701196e-002	3.190858e+001
872.000000	6.800253e-002	3.197609e+001
873.000000	6.740102e-002	3.204379e+001
874.000000	6.629462e-002	3.211064e+001
875.000000	6.541418e-002	3.217650e+001
876.000000	6.731893e-002	3.224286e+001
877.000000	6.763486e-002	3.231034e+001
878.000000	6.744430e-002	3.237788e+001
879.000000	6.640021e-002	3.244480e+001
880.000000	6.668940e-002	3.251135e+001
881.000000	6.456519e-002	3.257697e+001
882.000000	6.633445e-002	3.264242e+001
883.000000	6.618318e-002	3.270868e+001
884.000000	6.652765e-002	3.277504e+001
885.000000	6.740096e-002	3.284200e+001
886.000000	6.485373e-002	3.290813e+001
887.000000	6.514871e-002	3.297313e+001
888.000000	6.605729e-002	3.303873e+001
889.000000	6.701149e-002	3.310527e+001
890.000000	6.632451e-002	3.317194e+001
891.000000	6.653630e-002	3.323837e+001
892.000000	6.538573e-002	3.330433e+001
893.000000	6.289918e-002	3.336847e+001
894.000000	6.138541e-002	3.343061e+001
895.000000	5.873040e-002	3.349067e+001
896.000000	5.510740e-002	3.354759e+001
897.000000	4.816038e-002	3.359922e+001
898.000000	5.199060e-002	3.364930e+001
899.000000	3.978758e-002	3.369519e+001
900.000000	5.390666e-002	3.374203e+001
901.000000	4.355478e-002	3.379077e+001
902.000000	4.859253e-002	3.383684e+001
903.000000	5.017445e-002	3.388622e+001
904.000000	6.158133e-002	3.394210e+001
905.000000	5.964355e-002	3.400271e+001
906.000000	5.667608e-002	3.406087e+001
907.000000	4.671328e-002	3.411257e+001
908.000000	4.776301e-002	3.415981e+001
909.000000	5.163840e-002	3.420951e+001
910.000000	4.584976e-002	3.425825e+001
911.000000	4.908987e-002	3.430572e+001
912.000000	5.067747e-002	3.435560e+001
913.000000	4.627117e-002	3.440408e+001
914.000000	4.618547e-002	3.445031e+001
915.000000	5.006409e-002	3.449843e+001
916.000000	4.259020e-002	3.454476e+001
917.000000	5.400554e-002	3.459306e+001
918.000000	4.388640e-002	3.464200e+001
919.000000	5.476080e-002	3.469133e+001
920.000000	5.521887e-002	3.474632e+001
921.000000	5.797917e-002	3.480291e+001
922.000000	5.207571e-002	3.485794e+001
923.000000	5.546593e-002	3.491171e+001
924.000000	5.377164e-002	3.496633e+001
925.000000	5.305391e-002	3.501974e+001
926.000000	5.252944e-002	3.507254e+001
927.000000	5.887503e-002	3.512824e+001
928.000000	4.413767e-002	3.517974e+001
929.000000	4.130713e-002	3.522247e+001
930.000000	3.241248e-002	3.525933e+001
931.000000	3.072847e-002	3.529090e+001
932.000000	2.261650e-002	3.531757e+001
933.000000	1.869372e-002	3.533822e+001
934.000000	1.083305e-002	3.535299e+001
935.000000	1.891705e-002	3.536786e+001
936.000000	1.218648e-002	3.538341e+001
937.000000	1.234763e-002	3.539568e+001
938.000000	1.517524e-002	3.540944e+001
939.000000	3.020939e-002	3.543214e+001
940.000000	3.577173e-002	3.546513e+001
941.000000	2.823054e-002	3.549713e+001
942.000000	3.079597e-002	3.552664e+001
943.000000	2.117056e-002	3.555262e+001
944.000000	2.176026e-002	3.557409e+001
945.000000	2.806547e-002	3.559900e+001
946.000000	1.484914e-002	3.562046e+001
947.000000	2.834715e-002	3.564206e+001
948.000000	2.096855e-002	3.566672e+001
949.000000	3.780968e-002	3.569610e+001
950.000000	1.128375e-002	3.572065e+001
951.000000	3.710850e-002	3.574485e+001
952.000000	2.064852e-002	3.577373e+001
953.000000	2.641292e-002	3.579726e+001
954.000000	3.263412e-002	3.582678e+001
955.000000	2.627963e-002	3.585624e+001
956.000000	2.530782e-002	3.588203e+001
957.000000	2.089282e-002	3.590513e+001
958.000000	3.562221e-002	3.593339e+001
959.000000	2.891752e-002	3.596566e+001
960.000000	3.257223e-002	3.599640e+001
961.000000	3.574849e-002	3.603056e+001
962.000000	3.427574e-002	3.606558e+001
963.000000	3.922730e-002	3.610233e+001
964.000000	3.565793e-002	3.613977e+001
965.000000	3.920837e-002	3.617720e+001
966.000000	3.917186e-002	3.621639e+001
967.000000	3.918511e-002	3.625557e+001
968.000000	5.091369e-002	3.630062e+001
969.000000	5.363301e-002	3.635289e+001
970.000000	4.965050e-002	3.640454e+001
971.000000	5.591704e-002	3.645732e+001
972.000000	5.391116e-002	3.651223e+001
973.000000	4.759642e-002	3.656299e+001
974.000000	4.519504e-002	3.660938e+001
975.000000	4.638803e-002	3.665518e+001
976.000000	4.502176e-002	3.670088e+001
977.000000	5.032638e-002	3.674855e+001
978.000000	4.852019e-002	3.679798e+001
979.000000	5.039071e-002	3.684743e+001
980.000000	4.779656e-002	3.689653e+001
981.000000	5.644623e-002	3.694865e+001
982.000000	5.482461e-002	3.700428e+001
983.000000	5.301483e-002	3.705820e+001
984.000000	5.851889e-002	3.711397e+001
985.000000	5.467351e-002	3.717057e+001
986.000000	5.971226e-002	3.722776e+001
987.000000	5.885334e-002	3.728704e+001
988.000000	5.854161e-002	3.734574e+001
989.000000	5.975275e-002	3.740489e+001
990.000000	5.847247e-002	3.746400e+001
991.000000	6.023488e-002	3.752335e+001
992.000000	6.009083e-002	3.758352e+001
993.000000	5.905092e-002	3.764309e+001
994.000000	6.045891e-002	3.770284e+001
995.000000	6.033194e-002	3.776324e+001
996.000000	6.015800e-002	3.782348e+001
997.000000	5.948420e-002	3.788330e+001
998.000000	5.947625e-002	3.794278e+001
999.000000	5.951167e-002	3.800228e+001
1000.000000	5.930911e-002	3.806169e+001
1001.000000	6.010313e-002	3.812139e+001
1002.000000	5.884017e-002	3.818087e+001
1003.000000	5.941422e-002	3.823999e+001
1004.000000	5.857782e-002	3.829899e+001
1005.000000	5.526241e-002	3.835591e+001
1006.000000	5.781493e-002	3.841245e+001
1007.000000	5.909155e-002	3.847090e+001
1008.000000	5.909494e-002	3.852999e+001
1009.000000	5.857331e-002	3.858883e+001
1010.000000	5.858411e-002	3.864741e+001
1011.000000	5.893893e-002	3.870617e+001
1012.000000	5.866991e-002	3.876497e+001
1013.000000	5.863311e-002	3.882362e+001
1014.000000	5.894208e-002	3.888241e+001
1015.000000	5.797604e-002	3.894087e+001
1016.000000	5.828884e-002	3.899900e+001
1017.000000	5.769654e-002	3.905700e+001
1018.000000	5.864416e-002	3.911517e+001
1019.000000	5.661085e-002	3.917279e+001
1020.000000	5.750393e-002	3.922985e+001
1021.000000	5.779006e-002	3.928750e+001
1022.000000	5.685336e-002	3.934482e+001
1023.000000	5.735291e-002	3.940192e+001
1024.000000	5.703730e-002	3.945912e+001
1025.000000	5.766758e-002	3.951647e+001
1026.000000	5.762702e-002	3.957412e+001
1027.000000	5.740900e-002	3.963164e+001
1028.000000	5.753124e-002	3.968911e+001
1029.000000	5.695892e-002	3.974635e+001
1030.000000	5.736901e-002	3.980351e+001
1031.000000	5.715943e-002	3.986078e+001
1032.000000	5.725733e-002	3.991799e+001
1033.000000	5.633464e-002	3.997478e+001
1034.000000	5.672444e-002	4.003131e+001
1035.000000	5.696212e-002	4.008816e+001
1036.000000	5.699042e-002	4.014513e+001
1037.000000	5.645576e-002	4.020186e+001
1038.000000	5.623810e-002	4.025820e+001
1039.000000	5.668113e-002	4.031466e+001
1040.000000	5.634478e-002	4.037118e+001
1041.000000	5.640400e-002	4.042755e+001
1042.000000	5.647835e-002	4.048399e+001
1043.000000	5.596470e-002	4.054021e+001
1044.000000	5.627771e-002	4.059633e+001
1045.000000	5.601049e-002	4.065248e+001
1046.000000	5.459777e-002	4.070778e+001
1047.000000	5.547756e-002	4.076282e+001
1048.000000	5.602082e-002	4.081857e+001
1049.000000	5.575445e-002	4.087446e+001
1050.000000	5.544089e-002	4.093005e+001
1051.000000	5.554286e-002	4.098555e+001
1052.000000	5.525375e-002	4.104094e+001
1053.000000	5.513726e-002	4.109614e+001
1054.000000	5.495754e-002	4.115119e+001
1055.000000	5.518072e-002	4.120626e+001
1056.000000	5.505756e-002	4.126138e+001
1057.000000	5.497415e-002	4.131639e+001
1058.000000	5.445953e-002	4.137111e+001
1059.000000	5.285136e-002	4.142476e+001
1060.000000	5.436327e-002	4.147837e+001
1061.000000	5.316170e-002	4.153213e+001
1062.000000	5.419259e-002	4.158581e+001
1063.000000	5.336308e-002	4.163959e+001
1064.000000	5.423457e-002	4.169339e+001
1065.000000	5.404245e-002	4.174753e+001
1066.000000	5.306142e-002	4.180108e+001
1067.000000	5.338573e-002	4.185430e+001
1068.000000	5.335996e-002	4.190767e+001
1069.000000	5.054905e-002	4.195963e+001
1070.000000	5.218691e-002	4.201100e+001
1071.000000	5.326538e-002	4.206372e+001
1072.000000	5.320703e-002	4.211696e+001
1073.000000	5.224149e-002	4.216968e+001
1074.000000	5.384512e-002	4.222273e+001
1075.000000	5.137555e-002	4.227534e+001
1076.000000	5.334916e-002	4.232770e+001
1077.000000	5.249791e-002	4.238062e+001
1078.000000	5.244841e-002	4.243310e+001
1079.000000	5.263021e-002	4.248563e+001
1080.000000	5.202392e-002	4.253796e+001
1081.000000	5.064304e-002	4.258930e+001
1082.000000	5.143780e-002	4.264034e+001
1083.000000	5.224880e-002	4.269218e+001
1084.000000	5.058161e-002	4.274359e+001
1085.000000	5.192172e-002	4.279485e+001
1086.000000	4.853589e-002	4.284507e+001
1087.000000	4.970895e-002	4.289420e+001
1088.000000	5.205388e-002	4.294508e+001
1089.000000	5.087377e-002	4.299654e+001
1090.000000	4.885796e-002	4.304641e+001
1091.000000	5.177326e-002	4.309672e+001
1092.000000	5.119448e-002	4.314821e+001
1093.000000	4.501207e-002	4.319631e+001
1094.000000	4.761837e-002	4.324263e+001
1095.000000	4.598558e-002	4.328943e+001
1096.000000	4.448587e-002	4.333466e+001
1097.000000	5.118822e-002	4.338250e+001
1098.000000	4.453871e-002	4.343036e+001
1099.000000	4.500564e-002	4.347514e+001
1100.000000	4.309912e-002	4.351919e+001
1101.000000	4.413201e-002	4.356280e+001
1102.000000	4.167177e-002	4.360571e+001
1103.000000	4.149073e-002	4.364729e+001
1104.000000	4.164233e-002	4.368885e+001
1105.000000	4.513727e-002	4.373224e+001
1106.000000	3.549735e-002	4.377256e+001
1107.000000	4.312963e-002	4.381188e+001
1108.000000	3.714604e-002	4.385201e+001
1109.000000	3.692285e-002	4.388905e+001
1110.000000	4.288391e-002	4.392895e+001
1111.000000	2.970948e-002	4.396525e+001
1112.000000	3.709359e-002	4.399865e+001
1113.000000	2.410374e-002	4.402925e+001
1114.000000	2.694227e-002	4.405477e+001
1115.000000	2.247160e-002	4.407948e+001
1116.000000	1.812518e-002	4.409978e+001
1117.000000	7.173142e-003	4.411243e+001
1118.000000	1.961580e-002	4.412582e+001
1119.000000	1.021425e-002	4.414073e+001
1120.000000	1.281784e-002	4.415225e+001
1121.000000	1.680492e-002	4.416706e+001
1122.000000	7.392400e-003	4.417916e+001
1123.000000	1.160944e-002	4.418866e+001
1124.000000	9.854642e-003	4.419939e+001
1125.000000	1.309193e-002	4.421087e+001
1126.000000	4.685333e-003	4.421976e+001
1127.000000	1.429419e-002	4.422925e+001
1128.000000	9.027569e-003	4.424091e+001
1129.000000	9.644415e-003	4.425024e+001
1130.000000	6.432328e-003	4.425828e+001
1131.000000	2.696572e-002	4.427498e+001
1132.000000	2.137526e-002	4.429915e+001
1133.000000	1.401023e-002	4.431684e+001
1134.000000	3.817776e-003	4.432576e+001
1135.000000	1.415489e-003	4.432837e+001
1136.000000	1.179789e-002	4.433498e+001
1137.000000	2.639804e-002	4.435408e+001
1138.000000	1.865964e-002	4.437661e+001
1139.000000	2.742288e-002	4.439965e+001
1140.000000	2.353818e-002	4.442513e+001
1141.000000	1.779589e-002	4.444580e+001
1142.000000	2.070561e-002	4.446505e+001
1143.000000	2.874810e-002	4.448977e+001
1144.000000	1.045075e-002	4.450937e+001
1145.000000	1.348722e-002	4.452134e+001
1146.000000	1.457122e-002	4.453537e+001
1147.000000	5.474621e-003	4.454539e+001
1148.000000	2.510524e-002	4.456068e+001
1149.000000	2.025331e-002	4.458336e+001
1150.000000	1.128286e-002	4.459913e+001
1151.000000	1.888301e-002	4.461421e+001
1152.000000	2.300823e-002	4.463516e+001
1153.000000	2.214472e-002	4.465774e+001
1154.000000	1.326187e-002	4.467544e+001
1155.000000	2.917382e-002	4.469666e+001
1156.000000	2.619115e-002	4.472434e+001
1157.000000	2.935685e-002	4.475211e+001
1158.000000	2.911416e-002	4.478135e+001
1159.000000	3.149692e-002	4.481165e+001
1160.000000	2.680386e-002	4.484081e+001
1161.000000	3.254389e-002	4.487048e+001
1162.000000	3.280530e-002	4.490315e+001
1163.000000	4.395408e-002	4.494153e+001
1164.000000	3.773066e-002	4.498238e+001
1165.000000	3.651520e-002	4.501950e+001
1166.000000	3.526187e-002	4.505539e+001
1167.000000	3.858845e-002	4.509231e+001
1168.000000	3.952403e-002	4.513137e+001
1169.000000	3.989354e-002	4.517108e+001
1170.000000	4.329004e-002	4.521267e+001
1171.000000	4.234287e-002	4.525549e+001
1172.000000	4.299537e-002	4.529815e+001
1173.000000	4.318249e-002	4.534124e+001
1174.000000	3.190361e-002	4.537879e+001
1175.000000	4.287513e-002	4.541618e+001
1176.000000	4.522509e-002	4.546023e+001
1177.000000	4.484204e-002	4.550526e+001
1178.000000	3.420525e-002	4.554478e+001
1179.000000	4.599852e-002	4.558489e+001
1180.000000	4.194307e-002	4.562886e+001
1181.000000	4.335507e-002	4.567151e+001
1182.000000	3.081108e-002	4.570859e+001
1183.000000	4.185982e-002	4.574492e+001
1184.000000	4.009506e-002	4.578590e+001
1185.000000	3.893992e-002	4.582542e+001
1186.000000	4.564410e-002	4.586771e+001
1187.000000	4.363374e-002	4.591235e+001
1188.000000	3.210392e-002	4.595022e+001
1189.000000	3.986543e-002	4.598620e+001
1190.000000	4.438134e-002	4.602833e+001
1191.000000	4.290180e-002	4.607197e+001
1192.000000	4.551063e-002	4.611617e+001
1193.000000	4.371862e-002	4.616079e+001
1194.000000	4.515747e-002	4.620523e+001
1195.000000	4.308058e-002	4.624935e+001
1196.000000	4.160693e-002	4.629169e+001
1197.000000	4.606744e-002	4.633553e+001
1198.000000	4.192871e-002	4.637953e+001
1199.000000	3.528793e-002	4.641813e+001
1200.000000	4.338569e-002	4.645747e+001
1201.000000	4.233981e-002	4.650033e+001
1202.000000	4.238379e-002	4.654269e+001
1203.000000	4.212020e-002	4.658495e+001
1204.000000	3.520007e-002	4.662361e+001
1205.000000	4.246528e-002	4.666244e+001
1206.000000	4.677469e-002	4.670706e+001
1207.000000	4.184844e-002	4.675137e+001
1208.000000	4.223388e-002	4.679341e+001
1209.000000	4.039850e-002	4.683473e+001
1210.000000	4.424595e-002	4.687705e+001
1211.000000	4.125065e-002	4.691980e+001
1212.000000	4.153595e-002	4.696119e+001
1213.000000	4.594062e-002	4.700493e+001
1214.000000	4.250338e-002	4.704915e+001
1215.000000	4.192394e-002	4.709137e+001
1216.000000	4.574431e-002	4.713520e+001
1217.000000	4.469039e-002	4.718042e+001
1218.000000	4.512597e-002	4.722533e+001
1219.000000	4.391335e-002	4.726985e+001
1220.000000	4.507313e-002	4.731434e+001
1221.000000	4.582506e-002	4.735979e+001
1222.000000	4.449059e-002	4.740495e+001
1223.000000	4.380393e-002	4.744909e+001
1224.000000	4.423662e-002	4.749311e+001
1225.000000	4.568371e-002	4.753807e+001
1226.000000	4.629751e-002	4.758406e+001
1227.000000	4.285659e-002	4.762864e+001
1228.000000	4.621357e-002	4.767318e+001
1229.000000	4.631365e-002	4.771944e+001
1230.000000	4.563902e-002	4.776542e+001
1231.000000	4.686759e-002	4.781167e+001
1232.000000	4.633926e-002	4.785827e+001
1233.000000	4.514766e-002	4.790402e+001
1234.000000	4.679569e-002	4.794999e+001
1235.000000	4.632360e-002	4.799655e+001
1236.000000	4.676386e-002	4.804309e+001
1237.000000	4.623399e-002	4.808959e+001
1238.000000	4.672870e-002	4.813607e+001
1239.000000	4.624178e-002	4.818256e+001
1240.000000	4.608408e-002	4.822872e+001
1241.000000	4.624136e-002	4.827488e+001
1242.000000	4.632871e-002	4.832117e+001
1243.000000	4.587174e-002	4.836727e+001
1244.000000	4.568188e-002	4.841304e+001
1245.000000	4.584613e-002	4.845881e+001
1246.000000	4.617440e-002	4.850482e+001
1247.000000	4.601131e-002	4.855091e+001
1248.000000	4.616296e-002	4.859700e+001
1249.000000	4.630673e-002	4.864323e+001
1250.000000	4.608066e-002	4.868943e+001
1251.000000	4.566649e-002	4.873530e+001
1252.000000	4.554041e-002	4.878090e+001
1253.000000	4.524934e-002	4.882630e+001
1254.000000	4.487076e-002	4.887136e+001
1255.000000	4.562221e-002	4.891661e+001
1256.000000	4.459789e-002	4.896172e+001
1257.000000	4.413559e-002	4.900608e+001
1258.000000	4.514884e-002	4.905072e+001
1259.000000	4.338632e-002	4.909499e+001
1260.000000	4.381205e-002	4.913859e+001
1261.000000	4.184925e-002	4.918142e+001
1262.000000	4.027518e-002	4.922248e+001
1263.000000	4.076755e-002	4.926301e+001
1264.000000	3.787281e-002	4.930233e+001
1265.000000	4.037398e-002	4.934145e+001
1266.000000	3.934086e-002	4.938131e+001
1267.000000	3.967341e-002	4.942081e+001
1268.000000	3.789345e-002	4.945960e+001
1269.000000	2.523241e-002	4.949116e+001
1270.000000	3.968745e-002	4.952362e+001
1271.000000	4.185205e-002	4.956439e+001
1272.000000	4.194038e-002	4.960629e+001
1273.000000	4.171255e-002	4.964811e+001
1274.000000	4.173402e-002	4.968984e+001
1275.000000	4.240335e-002	4.973190e+001
1276.000000	4.291003e-002	4.977456e+001
1277.000000	4.326090e-002	4.981765e+001
1278.000000	4.408025e-002	4.986132e+001
1279.000000	4.379803e-002	4.990526e+001
1280.000000	4.357211e-002	4.994894e+001
1281.000000	4.270828e-002	4.999208e+001
1282.000000	3.857448e-002	5.003272e+001
1283.000000	4.215199e-002	5.007309e+001
1284.000000	4.357778e-002	5.011595e+001
1285.000000	4.394442e-002	5.015971e+001
1286.000000	4.430535e-002	5.020384e+001
1287.000000	4.381974e-002	5.024790e+001
1288.000000	4.362108e-002	5.029162e+001
1289.000000	4.256017e-002	5.033471e+001
1290.000000	4.295631e-002	5.037747e+001
1291.000000	4.351130e-002	5.042070e+001
1292.000000	4.128574e-002	5.046310e+001
1293.000000	4.302701e-002	5.050526e+001
1294.000000	4.218775e-002	5.054787e+001
1295.000000	4.231749e-002	5.059012e+001
1296.000000	4.072260e-002	5.063164e+001
1297.000000	3.884275e-002	5.067142e+001
1298.000000	4.102205e-002	5.071135e+001
1299.000000	4.280234e-002	5.075327e+001
1300.000000	3.702633e-002	5.079318e+001
1301.000000	3.801602e-002	5.083070e+001
1302.000000	4.114637e-002	5.087028e+001
1303.000000	3.638556e-002	5.090905e+001
1304.000000	3.161844e-002	5.094305e+001
1305.000000	4.040016e-002	5.097906e+001
1306.000000	4.050591e-002	5.101951e+001
1307.000000	3.225201e-002	5.105589e+001
1308.000000	3.660430e-002	5.109032e+001
1309.000000	4.055672e-002	5.112890e+001
1310.000000	3.181887e-002	5.116509e+001
1311.000000	3.528189e-002	5.119864e+001
1312.000000	3.527811e-002	5.123392e+001
1313.000000	3.320282e-002	5.126816e+001
1314.000000	3.055837e-002	5.130004e+001
1315.000000	3.031434e-002	5.133048e+001
1316.000000	3.441125e-002	5.136284e+001
1317.000000	3.316057e-002	5.139662e+001
1318.000000	3.542988e-002	5.143092e+001
1319.000000	2.857031e-002	5.146292e+001
1320.000000	2.754539e-002	5.149098e+001
1321.000000	3.182181e-002	5.152066e+001
1322.000000	3.222017e-002	5.155268e+001
1323.000000	2.484101e-002	5.158121e+001
1324.000000	2.803146e-002	5.160765e+001
1325.000000	3.443819e-002	5.163888e+001
1326.000000	3.000108e-002	5.167110e+001
1327.000000	2.849742e-002	5.170035e+001
1328.000000	2.511805e-002	5.172716e+001
1329.000000	1.903656e-002	5.174924e+001
1330.000000	2.459054e-002	5.177105e+001
1331.000000	1.554503e-002	5.179112e+001
1332.000000	1.566307e-002	5.180672e+001
1333.000000	2.183015e-002	5.182547e+001
1334.000000	1.821082e-002	5.184549e+001
1335.000000	2.489188e-002	5.186704e+001
1336.000000	1.977153e-002	5.188937e+001
1337.000000	1.774385e-002	5.190813e+001
1338.000000	1.921404e-002	5.192661e+001
1339.000000	1.909556e-002	5.194576e+001
1340.000000	1.819113e-002	5.196441e+001
1341.000000	1.842968e-002	5.198272e+001
1342.000000	1.926499e-002	5.200157e+001
1343.000000	1.376895e-002	5.201808e+001
1344.000000	8.200201e-003	5.202907e+001
1345.000000	1.182914e-002	5.203908e+001
1346.000000	6.316966e-003	5.204815e+001
1347.000000	6.531672e-003	5.205458e+001
1348.000000	5.159175e-004	5.205810e+001
1349.000000	1.758213e-003	5.205924e+001
1350.000000	1.744925e-003	5.206099e+001
1351.000000	5.045016e-004	5.206212e+001
1352.000000	1.653619e-004	5.206245e+001
1353.000000	1.048692e-005	5.206254e+001
1354.000000	3.168082e-005	5.206256e+001
1355.000000	3.938191e-007	5.206258e+001
1356.000000	5.257494e-006	5.206258e+001
1357.000000	7.857142e-006	5.206259e+001
1358.000000	4.594688e-007	5.206259e+001
1359.000000	8.049913e-008	5.206259e+001
1360.000000	2.347896e-007	5.206259e+001
1361.000000	5.283796e-010	5.206259e+001
1362.000000	1.985749e-012	5.206259e+001
1363.000000	3.469917e-007	5.206259e+001
1364.000000	1.495020e-007	5.206259e+001
1365.000000	9.992894e-013	5.206259e+001
1366.000000	1.409289e-006	5.206259e+001
1367.000000	5.486922e-007	5.206259e+001
1368.000000	1.634128e-014	5.206259e+001
1369.000000	5.705079e-008	5.206259e+001
1370.000000	3.226624e-008	5.206259e+001
1371.000000	2.181883e-009	5.206259e+001
1372.000000	3.042988e-007	5.206259e+001
1373.000000	4.917091e-006	5.206260e+001
1374.000000	1.985624e-005	5.206261e+001
1375.000000	3.585752e-005	5.206264e+001
1376.000000	2.857636e-005	5.206267e+001
1377.000000	1.362773e-005	5.206269e+001
1378.000000	1.232499e-004	5.206276e+001
1379.000000	5.802032e-006	5.206282e+001
1380.000000	9.081238e-006	5.206283e+001
1381.000000	2.641679e-007	5.206283e+001
1382.000000	2.861625e-007	5.206283e+001
1383.000000	4.910069e-009	5.206283e+001
1384.000000	6.886346e-008	5.206283e+001
1385.000000	2.334642e-007	5.206283e+001
1386.000000	2.818819e-007	5.206283e+001
1387.000000	2.225806e-005	5.206285e+001
1388.000000	4.507439e-007	5.206286e+001
1389.000000	6.508912e-005	5.206289e+001
1390.000000	5.530359e-005	5.206295e+001
1391.000000	3.857701e-005	5.206300e+001
1392.000000	2.670131e-006	5.206302e+001
1393.000000	1.301756e-005	5.206303e+001
1394.000000	8.491888e-006	5.206304e+001
1395.000000	7.553960e-008	5.206304e+001
1396.000000	7.117878e-010	5.206304e+001
1397.000000	5.527674e-006	5.206304e+001
1398.000000	1.432493e-004	5.206312e+001
1399.000000	9.165534e-005	5.206324e+001
1400.000000	3.666079e-010	5.206328e+001
1401.000000	1.189677e-009	5.206328e+001
1402.000000	2.075392e-004	5.206339e+001
1403.000000	2.693268e-004	5.206362e+001
1404.000000	8.367766e-005	5.206380e+001
1405.000000	4.129974e-008	5.206384e+001
1406.000000	2.318895e-004	5.206396e+001
1407.000000	1.981111e-005	5.206408e+001
1408.000000	1.873041e-004	5.206419e+001
1409.000000	7.036876e-005	5.206432e+001
1410.000000	5.305712e-005	5.206438e+001
1411.000000	2.406124e-004	5.206452e+001
1412.000000	3.006200e-004	5.206480e+001
1413.000000	2.661521e-003	5.206628e+001
1414.000000	4.148902e-005	5.206763e+001
1415.000000	2.096119e-005	5.206766e+001
1416.000000	4.061917e-003	5.206970e+001
1417.000000	1.343957e-003	5.207240e+001
1418.000000	1.550775e-003	5.207385e+001
1419.000000	2.454102e-004	5.207475e+001
1420.000000	9.474000e-004	5.207535e+001
1421.000000	1.050292e-003	5.207634e+001
1422.000000	5.311986e-003	5.207953e+001
1423.000000	1.058209e-003	5.208271e+001
1424.000000	1.949686e-003	5.208421e+001
1425.000000	2.971122e-003	5.208667e+001
1426.000000	3.196571e-003	5.208976e+001
1427.000000	5.702661e-003	5.209421e+001
1428.000000	5.250779e-004	5.209732e+001
1429.000000	4.382171e-003	5.209978e+001
1430.000000	7.105077e-003	5.210552e+001
1431.000000	5.789053e-003	5.211197e+001
1432.000000	2.909947e-004	5.211501e+001
1433.000000	4.141775e-003	5.211722e+001
1434.000000	2.424526e-003	5.212051e+001
1435.000000	2.478764e-003	5.212296e+001
1436.000000	4.441975e-003	5.212642e+001
1437.000000	3.463238e-003	5.213037e+001
1438.000000	1.538316e-003	5.213287e+001
1439.000000	5.923903e-003	5.213660e+001
1440.000000	4.599532e-003	5.214186e+001
1441.000000	3.696035e-003	5.214601e+001
1442.000000	4.223964e-003	5.214997e+001
1443.000000	5.244830e-003	5.215471e+001
1444.000000	7.196767e-003	5.216093e+001
1445.000000	5.798487e-003	5.216742e+001
1446.000000	2.693589e-003	5.217167e+001
1447.000000	4.226706e-003	5.217513e+001
1448.000000	1.351168e-002	5.218400e+001
1449.000000	1.193622e-002	5.219672e+001
1450.000000	3.205928e-003	5.220430e+001
1451.000000	1.319091e-003	5.220656e+001
1452.000000	7.303393e-003	5.221087e+001
1453.000000	9.607446e-003	5.221932e+001
1454.000000	1.613601e-002	5.223220e+001
1455.000000	7.763148e-003	5.224415e+001
1456.000000	1.039427e-002	5.225322e+001
1457.000000	1.374961e-002	5.226530e+001
1458.000000	1.604399e-002	5.228019e+001
1459.000000	1.918997e-002	5.229781e+001
1460.000000	1.005918e-002	5.231243e+001
1461.000000	1.063818e-002	5.232278e+001
1462.000000	1.540053e-002	5.233580e+001
1463.000000	5.100636e-003	5.234605e+001
1464.000000	1.792967e-002	5.235757e+001
1465.000000	1.103444e-002	5.237205e+001
1466.000000	7.709152e-003	5.238142e+001
1467.000000	4.266076e-003	5.238741e+001
1468.000000	9.110339e-003	5.239410e+001
1469.000000	1.123780e-002	5.240427e+001
1470.000000	5.890151e-003	5.241284e+001
1471.000000	2.117616e-003	5.241684e+001
1472.000000	5.553023e-003	5.242068e+001
1473.000000	8.340124e-003	5.242762e+001
1474.000000	1.157256e-002	5.243758e+001
1475.000000	2.196541e-002	5.245435e+001
1476.000000	8.188058e-003	5.246942e+001
1477.000000	8.307733e-003	5.247767e+001
1478.000000	7.567568e-003	5.248561e+001
1479.000000	1.431629e-002	5.249655e+001
1480.000000	7.238431e-003	5.250733e+001
1481.000000	1.377183e-002	5.251783e+001
1482.000000	6.991572e-003	5.252822e+001
1483.000000	1.777361e-002	5.254060e+001
1484.000000	1.645458e-002	5.255771e+001
1485.000000	1.497565e-002	5.257343e+001
1486.000000	1.479037e-002	5.258831e+001
1487.000000	7.271707e-003	5.259934e+001
1488.000000	1.130334e-002	5.260863e+001
1489.000000	2.278640e-002	5.262567e+001
1490.000000	2.100502e-002	5.264757e+001
1491.000000	2.378510e-002	5.266996e+001
1492.000000	1.978527e-002	5.269175e+001
1493.000000	2.186497e-002	5.271258e+001
1494.000000	2.454272e-002	5.273578e+001
1495.000000	2.201002e-002	5.275906e+001
1496.000000	2.033424e-002	5.278023e+001
1497.000000	2.759008e-002	5.280419e+001
1498.000000	2.291809e-002	5.282944e+001
1499.000000	2.630786e-002	5.285406e+001
1500.000000	3.032038e-002	5.288237e+001
1501.000000	3.214570e-002	5.291360e+001
1502.000000	2.829524e-002	5.294382e+001
1503.000000	2.241875e-002	5.296918e+001
1504.000000	1.944461e-002	5.299011e+001
1505.000000	2.233812e-002	5.301100e+001
1506.000000	3.130653e-002	5.303783e+001
1507.000000	3.101250e-002	5.306899e+001
1508.000000	2.955891e-002	5.309927e+001
1509.000000	2.274802e-002	5.312543e+001
1510.000000	3.294741e-002	5.315327e+001
1511.000000	3.226480e-002	5.318588e+001
1512.000000	3.179102e-002	5.321791e+001
1513.000000	2.958003e-002	5.324859e+001
1514.000000	2.756269e-002	5.327716e+001
1515.000000	3.247119e-002	5.330718e+001
1516.000000	3.140436e-002	5.333912e+001
1517.000000	3.050250e-002	5.337007e+001
1518.000000	3.086788e-002	5.340076e+001
1519.000000	2.993992e-002	5.343116e+001
1520.000000	3.242756e-002	5.346234e+001
1521.000000	3.374317e-002	5.349543e+001
1522.000000	3.238184e-002	5.352849e+001
1523.000000	3.440052e-002	5.356188e+001
1524.000000	3.385152e-002	5.359601e+001
1525.000000	3.183803e-002	5.362885e+001
1526.000000	3.291866e-002	5.366123e+001
1527.000000	3.229362e-002	5.369384e+001
1528.000000	3.441979e-002	5.372720e+001
1529.000000	3.359877e-002	5.376121e+001
1530.000000	3.149569e-002	5.379375e+001
1531.000000	3.330807e-002	5.382615e+001
1532.000000	3.439992e-002	5.386001e+001
1533.000000	3.426781e-002	5.389434e+001
1534.000000	3.327312e-002	5.392811e+001
1535.000000	3.303976e-002	5.396127e+001
1536.000000	3.402515e-002	5.399480e+001
1537.000000	3.388862e-002	5.402876e+001
1538.000000	3.374444e-002	5.406258e+001
1539.000000	3.388182e-002	5.409639e+001
1540.000000	3.290517e-002	5.412978e+001
1541.000000	3.343986e-002	5.416295e+001
1542.000000	3.349017e-002	5.419642e+001
1543.000000	3.386161e-002	5.423010e+001
1544.000000	3.388604e-002	5.426397e+001
1545.000000	3.452484e-002	5.429817e+001
1546.000000	3.426786e-002	5.433257e+001
1547.000000	3.407541e-002	5.436674e+001
1548.000000	3.330584e-002	5.440043e+001
1549.000000	3.416069e-002	5.443417e+001
1550.000000	3.374268e-002	5.446812e+001
1551.000000	3.384952e-002	5.450191e+001
1552.000000	3.402657e-002	5.453585e+001
1553.000000	3.398586e-002	5.456986e+001
1554.000000	3.318299e-002	5.460344e+001
1555.000000	3.356180e-002	5.463682e+001
1556.000000	3.301988e-002	5.467011e+001
1557.000000	3.398549e-002	5.470361e+001
1558.000000	3.373839e-002	5.473747e+001
1559.000000	3.370975e-002	5.477119e+001
1560.000000	3.342939e-002	5.480476e+001
1561.000000	3.399725e-002	5.483848e+001
1562.000000	3.370910e-002	5.487233e+001
1563.000000	3.361849e-002	5.490599e+001
1564.000000	3.313162e-002	5.493937e+001
1565.000000	3.373850e-002	5.497280e+001
1566.000000	3.314998e-002	5.500625e+001
1567.000000	3.325078e-002	5.503945e+001
1568.000000	3.253088e-002	5.507234e+001
1569.000000	3.220994e-002	5.510471e+001
1570.000000	3.061337e-002	5.513612e+001
1571.000000	2.978643e-002	5.516632e+001
1572.000000	3.014519e-002	5.519629e+001
1573.000000	2.969747e-002	5.522621e+001
1574.000000	3.065328e-002	5.525638e+001
1575.000000	3.045552e-002	5.528694e+001
1576.000000	3.136976e-002	5.531785e+001
1577.000000	2.747708e-002	5.534727e+001
1578.000000	2.993060e-002	5.537598e+001
1579.000000	3.014825e-002	5.540602e+001
1580.000000	3.117666e-002	5.543668e+001
1581.000000	3.171412e-002	5.546813e+001
1582.000000	3.087288e-002	5.549942e+001
1583.000000	3.160741e-002	5.553066e+001
1584.000000	3.181774e-002	5.556237e+001
1585.000000	3.307789e-002	5.559482e+001
1586.000000	3.270860e-002	5.562771e+001
1587.000000	3.238873e-002	5.566026e+001
1588.000000	3.215810e-002	5.569254e+001
1589.000000	2.977654e-002	5.572350e+001
1590.000000	3.100848e-002	5.575390e+001
1591.000000	3.105108e-002	5.578493e+001
1592.000000	3.239062e-002	5.581665e+001
1593.000000	3.319217e-002	5.584944e+001
1594.000000	3.294430e-002	5.588251e+001
1595.000000	3.322098e-002	5.591559e+001
1596.000000	3.147692e-002	5.594794e+001
1597.000000	3.180579e-002	5.597958e+001
1598.000000	3.276532e-002	5.601186e+001
1599.000000	3.121366e-002	5.604385e+001
1600.000000	3.072730e-002	5.607482e+001
1601.000000	2.882630e-002	5.610460e+001
1602.000000	2.896060e-002	5.613349e+001
1603.000000	2.895799e-002	5.616245e+001
1604.000000	2.955177e-002	5.619171e+001
1605.000000	3.065891e-002	5.622181e+001
1606.000000	3.126999e-002	5.625278e+001
1607.000000	3.019550e-002	5.628351e+001
1608.000000	2.981742e-002	5.631352e+001
1609.000000	2.949464e-002	5.634317e+001
1610.000000	2.825724e-002	5.637205e+001
1611.000000	2.947023e-002	5.640091e+001
1612.000000	3.000341e-002	5.643065e+001
1613.000000	3.085857e-002	5.646108e+001
1614.000000	3.103261e-002	5.649203e+001
1615.000000	3.139834e-002	5.652324e+001
1616.000000	3.004397e-002	5.655396e+001
1617.000000	3.060382e-002	5.658429e+001
1618.000000	3.178031e-002	5.661548e+001
1619.000000	3.147088e-002	5.664710e+001
1620.000000	3.063969e-002	5.667816e+001
1621.000000	3.063376e-002	5.670880e+001
1622.000000	3.107654e-002	5.673965e+001
1623.000000	3.173976e-002	5.677106e+001
1624.000000	3.178944e-002	5.680282e+001
1625.000000	3.117071e-002	5.683430e+001
1626.000000	3.143777e-002	5.686561e+001
1627.000000	3.159752e-002	5.689713e+001
1628.000000	3.167997e-002	5.692877e+001
1629.000000	3.171388e-002	5.696046e+001
1630.000000	3.109440e-002	5.699187e+001
1631.000000	3.131738e-002	5.702307e+001
1632.000000	3.135632e-002	5.705441e+001
1633.000000	3.064584e-002	5.708541e+001
1634.000000	3.068438e-002	5.711608e+001
1635.000000	3.081525e-002	5.714683e+001
1636.000000	3.106106e-002	5.717776e+001
1637.000000	2.997226e-002	5.720828e+001
1638.000000	2.907500e-002	5.723780e+001
1639.000000	2.911787e-002	5.726690e+001
1640.000000	2.845440e-002	5.729569e+001
1641.000000	2.906604e-002	5.732445e+001
1642.000000	2.924533e-002	5.735360e+001
1643.000000	2.853826e-002	5.738249e+001
1644.000000	2.964295e-002	5.741158e+001
1645.000000	2.895379e-002	5.744088e+001
1646.000000	2.887448e-002	5.746980e+001
1647.000000	3.024569e-002	5.749936e+001
1648.000000	2.878461e-002	5.752887e+001
1649.000000	2.908405e-002	5.755781e+001
1650.000000	2.997872e-002	5.758734e+001
1651.000000	2.777169e-002	5.761621e+001
1652.000000	2.981119e-002	5.764500e+001
1653.000000	2.970124e-002	5.767476e+001
1654.000000	2.879336e-002	5.770401e+001
1655.000000	2.967577e-002	5.773324e+001
1656.000000	2.952006e-002	5.776284e+001
1657.000000	2.970094e-002	5.779245e+001
1658.000000	3.007191e-002	5.782234e+001
1659.000000	2.959896e-002	5.785217e+001
1660.000000	2.990066e-002	5.788192e+001
1661.000000	2.998833e-002	5.791187e+001
1662.000000	2.936830e-002	5.794155e+001
1663.000000	2.982458e-002	5.797114e+001
1664.000000	2.965864e-002	5.800088e+001
1665.000000	2.844096e-002	5.802993e+001
1666.000000	2.403171e-002	5.805617e+001
1667.000000	2.832722e-002	5.808235e+001
1668.000000	2.887025e-002	5.811095e+001
1669.000000	2.896429e-002	5.813987e+001
1670.000000	2.985987e-002	5.816928e+001
1671.000000	2.948824e-002	5.819895e+001
1672.000000	2.851872e-002	5.822795e+001
1673.000000	2.918619e-002	5.825681e+001
1674.000000	2.913072e-002	5.828597e+001
1675.000000	2.885766e-002	5.831496e+001
1676.000000	2.858424e-002	5.834368e+001
1677.000000	2.871492e-002	5.837233e+001
1678.000000	2.830706e-002	5.840084e+001
1679.000000	2.884938e-002	5.842942e+001
1680.000000	2.785705e-002	5.845777e+001
1681.000000	2.636728e-002	5.848488e+001
1682.000000	2.762974e-002	5.851188e+001
1683.000000	2.837919e-002	5.853989e+001
1684.000000	2.688973e-002	5.856752e+001
1685.000000	2.897694e-002	5.859546e+001
1686.000000	2.859297e-002	5.862424e+001
1687.000000	2.787243e-002	5.865247e+001
1688.000000	2.860919e-002	5.868071e+001
1689.000000	2.822425e-002	5.870913e+001
1690.000000	2.797516e-002	5.873723e+001
1691.000000	2.632773e-002	5.876438e+001
1692.000000	2.826074e-002	5.879168e+001
1693.000000	2.885916e-002	5.882024e+001
1694.000000	2.797852e-002	5.884866e+001
1695.000000	2.866630e-002	5.887698e+001
1696.000000	2.862029e-002	5.890562e+001
1697.000000	2.478411e-002	5.893232e+001
1698.000000	2.840341e-002	5.895892e+001
1699.000000	2.816251e-002	5.898720e+001
1700.000000	2.738929e-002	5.901498e+001
1702.000000	2.799945e-002	5.907036e+001
1705.000000	2.719893e-002	5.915316e+001
1710.000000	2.591600e-002	5.928595e+001
1715.000000	2.623385e-002	5.941632e+001
1720.000000	2.593992e-002	5.954676e+001
1725.000000	2.477703e-002	5.967355e+001
1730.000000	2.428930e-002	5.979622e+001
1735.000000	2.260604e-002	5.991345e+001
1740.000000	2.360308e-002	6.002898e+001
1745.000000	2.178911e-002	6.014246e+001
1750.000000	2.338303e-002	6.025539e+001
1755.000000	2.165918e-002	6.036799e+001
1760.000000	2.271033e-002	6.047892e+001
1765.000000	1.891118e-002	6.058297e+001
1770.000000	2.023249e-002	6.068083e+001
1775.000000	1.644131e-002	6.077252e+001
1780.000000	1.442883e-002	6.084969e+001
1785.000000	1.108324e-002	6.091347e+001
1790.000000	1.283569e-002	6.097327e+001
1795.000000	6.794684e-003	6.102234e+001
1800.000000	4.620903e-003	6.105088e+001
1805.000000	2.156869e-003	6.106783e+001
1810.000000	1.414805e-003	6.107676e+001
1815.000000	4.804047e-004	6.108149e+001
1820.000000	1.449691e-004	6.108306e+001
1825.000000	1.875917e-004	6.108389e+001
1830.000000	7.681424e-007	6.108436e+001
1835.000000	9.500543e-007	6.108436e+001
1840.000000	9.305745e-009	6.108437e+001
1845.000000	9.324336e-007	6.108437e+001
1850.000000	4.475449e-007	6.108437e+001
1855.000000	4.248602e-008	6.108437e+001
1860.000000	1.672907e-006	6.108438e+001
1865.000000	2.554540e-006	6.108439e+001
1870.000000	4.021419e-011	6.108440e+001
1875.000000	6.825141e-011	6.108440e+001
1880.000000	1.175256e-005	6.108442e+001
1885.000000	6.673012e-006	6.108447e+001
1890.000000	3.404504e-005	6.108457e+001
1895.000000	1.978898e-005	6.108471e+001
1900.000000	1.321331e-007	6.108476e+001
1905.000000	8.707033e-008	6.108476e+001
1910.000000	3.550218e-006	6.108477e+001
1915.000000	3.080998e-006	6.108478e+001
1920.000000	6.979497e-005	6.108497e+001
1925.000000	1.453521e-004	6.108550e+001
1930.000000	8.599470e-005	6.108608e+001
1935.000000	5.608460e-004	6.108770e+001
1940.000000	5.135687e-004	6.109038e+001
1945.000000	1.704176e-003	6.109593e+001
1950.000000	2.630860e-003	6.110677e+001
1955.000000	1.582532e-003	6.111730e+001
1960.000000	3.463093e-003	6.112991e+001
1965.000000	4.527009e-003	6.114989e+001
1970.000000	7.761562e-003	6.118061e+001
1975.000000	1.080953e-002	6.122704e+001
1980.000000	1.205941e-002	6.128421e+001
1985.000000	1.329882e-002	6.134761e+001
1990.000000	1.374162e-002	6.141521e+001
1995.000000	1.306443e-002	6.148222e+001
2000.000000	6.155139e-003	6.153027e+001
2005.000000	2.425937e-003	6.155172e+001
2010.000000	6.444012e-003	6.157390e+001
2015.000000	4.330965e-003	6.160084e+001
2020.000000	7.328675e-003	6.162999e+001
2025.000000	1.208817e-002	6.167853e+001
2030.000000	1.389388e-002	6.174348e+001
2035.000000	1.582062e-002	6.181777e+001
2040.000000	1.477269e-002	6.189425e+001
2045.000000	1.502217e-002	6.196874e+001
2050.000000	1.123159e-002	6.203437e+001
2055.000000	9.100738e-003	6.208520e+001
2060.000000	1.149673e-002	6.213670e+001
2065.000000	1.030577e-002	6.219120e+001
2070.000000	1.096534e-002	6.224438e+001
2075.000000	1.296120e-002	6.230420e+001
2080.000000	1.456425e-002	6.237301e+001
2085.000000	1.431169e-002	6.244520e+001
2090.000000	1.501997e-002	6.251853e+001
2095.000000	1.516523e-002	6.259399e+001
2100.000000	1.458928e-002	6.266838e+001
2105.000000	1.581590e-002	6.274439e+001
2110.000000	1.525798e-002	6.282208e+001
2115.000000	1.563856e-002	6.289932e+001
2120.000000	1.497702e-002	6.297586e+001
2125.000000	1.519128e-002	6.305128e+001
2130.000000	1.542322e-002	6.312782e+001
2135.000000	1.550592e-002	6.320514e+001
2140.000000	1.566703e-002	6.328307e+001
2145.000000	1.548201e-002	6.336094e+001
2150.000000	1.467756e-002	6.343634e+001
2155.000000	1.474664e-002	6.350990e+001
2160.000000	1.466412e-002	6.358343e+001
2165.000000	1.332553e-002	6.365340e+001
2170.000000	1.435150e-002	6.372260e+001
2175.000000	1.411301e-002	6.379376e+001
2180.000000	1.438458e-002	6.386500e+001
2185.000000	1.313845e-002	6.393381e+001
2190.000000	1.396657e-002	6.400157e+001
2195.000000	1.398501e-002	6.407145e+001
2200.000000	1.263455e-002	6.413800e+001
2205.000000	1.316267e-002	6.420249e+001
2210.000000	1.413815e-002	6.427075e+001
2215.000000	1.362666e-002	6.434016e+001
2220.000000	1.391831e-002	6.440902e+001
2225.000000	1.354102e-002	6.447767e+001
2230.000000	1.362901e-002	6.454559e+001
2235.000000	1.339385e-002	6.461315e+001
2240.000000	1.321044e-002	6.467966e+001
2245.000000	1.282708e-002	6.474475e+001
2250.000000	1.305509e-002	6.480946e+001
2255.000000	1.231164e-002	6.487288e+001
2260.000000	1.220022e-002	6.493416e+001
2265.000000	1.244790e-002	6.499578e+001
2270.000000	1.187667e-002	6.505659e+001
2275.000000	1.174759e-002	6.511565e+001
2280.000000	1.219031e-002	6.517549e+001
2285.000000	1.162580e-002	6.523503e+001
2290.000000	1.167710e-002	6.529329e+001
2295.000000	1.134071e-002	6.535084e+001
2300.000000	1.091258e-002	6.540647e+001
2305.000000	1.100081e-002	6.546125e+001
2310.000000	1.190019e-002	6.551850e+001
2315.000000	1.085622e-002	6.557540e+001
2320.000000	9.736327e-003	6.562688e+001
2325.000000	1.054193e-002	6.567757e+001
2330.000000	1.067905e-002	6.573063e+001
2335.000000	1.091724e-002	6.578462e+001
2340.000000	8.651025e-003	6.583354e+001
2345.000000	9.721896e-003	6.587947e+001
2350.000000	7.872951e-003	6.592346e+001
2355.000000	9.017426e-003	6.596568e+001
2360.000000	9.562704e-003	6.601213e+001
2365.000000	9.425018e-003	6.605960e+001
2370.000000	5.890928e-003	6.609789e+001
2375.000000	8.456873e-003	6.613376e+001
2380.000000	8.168493e-003	6.617532e+001
2385.000000	5.929944e-003	6.621057e+001
2390.000000	7.153559e-003	6.624328e+001
2395.000000	7.841739e-003	6.628077e+001
2400.000000	8.546473e-003	6.632174e+001
2405.000000	6.517581e-003	6.635940e+001
2410.000000	6.572729e-003	6.639212e+001
2415.000000	5.317712e-003	6.642185e+001
2420.000000	5.190136e-003	6.644812e+001
2425.000000	6.469876e-003	6.647727e+001
2430.000000	8.839306e-003	6.651554e+001
2435.000000	2.922056e-003	6.654495e+001
2440.000000	8.511594e-003	6.657353e+001
2445.000000	4.101526e-003	6.660506e+001
2450.000000	2.689683e-003	6.662204e+001
2455.000000	4.921249e-003	6.664107e+001
2460.000000	6.619805e-003	6.666992e+001
2465.000000	4.801126e-003	6.669847e+001
2470.000000	3.332422e-003	6.671881e+001
2475.000000	3.284869e-003	6.673535e+001
2480.000000	1.608147e-003	6.674758e+001
2485.000000	1.124475e-003	6.675441e+001
2490.000000	7.052000e-004	6.675899e+001
2495.000000	5.790094e-004	6.676220e+001
2500.000000	1.424453e-003	6.676721e+001
2505.000000	3.069298e-004	6.677154e+001
2510.000000	4.486909e-004	6.677343e+001
2515.000000	1.052405e-004	6.677481e+001
2520.000000	7.531485e-005	6.677526e+001
2525.000000	8.430111e-006	6.677547e+001
2530.000000	1.297702e-007	6.677549e+001
2535.000000	3.578579e-008	6.677549e+001
2540.000000	7.726883e-008	6.677549e+001
2545.000000	1.103509e-011	6.677549e+001
2550.000000	5.804609e-014	6.677549e+001
2555.000000	2.150445e-010	6.677549e+001
2560.000000	6.405112e-012	6.677549e+001
2565.000000	3.300876e-015	6.677549e+001
2570.000000	3.162829e-019	6.677549e+001
2575.000000	2.240179e-028	6.677549e+001
2580.000000	7.952198e-023	6.677549e+001
2585.000000	3.584945e-035	6.677549e+001
2590.000000	1.144642e-031	6.677549e+001
2595.000000	4.780138e-034	6.677549e+001
2600.000000	9.418478e-029	6.677549e+001
2605.000000	1.219768e-035	6.677549e+001
2610.000000	1.251456e-034	6.677549e+001
2615.000000	2.361455e-038	6.677549e+001
2620.000000	1.194079e-029	6.677549e+001
2625.000000	8.191046e-029	6.677549e+001
2630.000000	5.945137e-046	6.677549e+001
2635.000000	8.294511e-017	6.677549e+001
2640.000000	2.501997e-017	6.677549e+001
2645.000000	1.919797e-019	6.677549e+001
2650.000000	3.055449e-020	6.677549e+001
2655.000000	2.812377e-028	6.677549e+001
2660.000000	5.592865e-026	6.677549e+001
2665.000000	2.390915e-038	6.677549e+001
2670.000000	0.000000e+000	6.677549e+001
2675.000000	0.000000e+000	6.677549e+001
2680.000000	0.000000e+000	6.677549e+001
2685.000000	0.000000e+000	6.677549e+001
2690.000000	2.218723e-030	6.677549e+001
2695.000000	1.549515e-033	6.677549e+001
2700.000000	0.000000e+000	6.677549e+001
2705.000000	6.395907e-043	6.677549e+001
2710.000000	2.459047e-036	6.677549e+001
2715.000000	8.443414e-027	6.677549e+001
2720.000000	1.229717e-045	6.677549e+001
2725.000000	1.603052e-022	6.677549e+001
2730.000000	1.337333e-019	6.677549e+001
2735.000000	1.210820e-021	6.677549e+001
2740.000000	5.152433e-028	6.677549e+001
2745.000000	2.910590e-024	6.677549e+001
2750.000000	3.692664e-029	6.677549e+001
2755.000000	1.494639e-044	6.677549e+001
2760.000000	0.000000e+000	6.677549e+001
2765.000000	5.971756e-028	6.677549e+001
2770.000000	1.872070e-024	6.677549e+001
2775.000000	8.950749e-039	6.677549e+001
2780.000000	1.077797e-034	6.677549e+001
2785.000000	8.730519e-028	6.677549e+001
2790.000000	2.738670e-017	6.677549e+001
2795.000000	8.161977e-017	6.677549e+001
2800.000000	3.722765e-013	6.677549e+001
2805.000000	1.526652e-014	6.677549e+001
2810.000000	9.118717e-011	6.677549e+001
2815.000000	6.512958e-011	6.677549e+001
2820.000000	4.673730e-012	6.677549e+001
2825.000000	4.011432e-008	6.677549e+001
2830.000000	8.903999e-007	6.677550e+001
2835.000000	4.865058e-011	6.677550e+001
2840.000000	4.491783e-008	6.677550e+001
2845.000000	9.310774e-006	6.677552e+001
2850.000000	2.658723e-007	6.677555e+001
2855.000000	1.033185e-007	6.677555e+001
2860.000000	5.849137e-006	6.677556e+001
2865.000000	3.873659e-005	6.677567e+001
2870.000000	1.461355e-006	6.677577e+001
2875.000000	9.083149e-005	6.677600e+001
2880.000000	5.743230e-005	6.677637e+001
2885.000000	1.054862e-004	6.677678e+001
2890.000000	4.341027e-005	6.677715e+001
2895.000000	6.221236e-004	6.677882e+001
2900.000000	1.898201e-004	6.678085e+001
2905.000000	2.599906e-005	6.678139e+001
2910.000000	6.388900e-004	6.678305e+001
2915.000000	2.958004e-004	6.678539e+001
2920.000000	6.817834e-004	6.678783e+001
2925.000000	2.556229e-004	6.679017e+001
2930.000000	1.390971e-003	6.679429e+001
2935.000000	1.536448e-003	6.680161e+001
2940.000000	3.858868e-004	6.680641e+001
2945.000000	3.441666e-004	6.680824e+001
2950.000000	1.243854e-003	6.681221e+001
2955.000000	5.567932e-004	6.681671e+001
2960.000000	1.097541e-003	6.682085e+001
2965.000000	1.778771e-003	6.682804e+001
2970.000000	8.440168e-005	6.683270e+001
2975.000000	2.049922e-004	6.683342e+001
2980.000000	3.216250e-004	6.683474e+001
2985.000000	1.676383e-003	6.683973e+001
2990.000000	2.479187e-003	6.685012e+001
2995.000000	1.032830e-003	6.685890e+001
3000.000000	1.898808e-003	6.686623e+001
3005.000000	7.006118e-004	6.687273e+001
3010.000000	1.662528e-003	6.687864e+001
3015.000000	1.350903e-003	6.688617e+001
3020.000000	1.543579e-004	6.688993e+001
3025.000000	1.830674e-003	6.689489e+001
3030.000000	1.484757e-003	6.690318e+001
3035.000000	6.116464e-004	6.690842e+001
3040.000000	4.963317e-004	6.691119e+001
3045.000000	1.033740e-003	6.691502e+001
3050.000000	2.539023e-004	6.691824e+001
3055.000000	7.132796e-005	6.691905e+001
3060.000000	1.555212e-003	6.692312e+001
3065.000000	7.197181e-004	6.692881e+001
3070.000000	4.331346e-004	6.693169e+001
3075.000000	1.493613e-003	6.693650e+001
3080.000000	8.998956e-004	6.694249e+001
3085.000000	4.397049e-004	6.694584e+001
3090.000000	5.932963e-004	6.694842e+001
3095.000000	1.635360e-004	6.695031e+001
3100.000000	1.100419e-003	6.695347e+001
3105.000000	2.307945e-004	6.695680e+001
3110.000000	2.121371e-004	6.695791e+001
3115.000000	5.697557e-004	6.695986e+001
3120.000000	2.471143e-003	6.696746e+001
3125.000000	7.634489e-004	6.697555e+001
3130.000000	1.454512e-003	6.698110e+001
3135.000000	2.894252e-003	6.699197e+001
3140.000000	8.418772e-004	6.700131e+001
3145.000000	8.248522e-004	6.700547e+001
3150.000000	1.695773e-003	6.701178e+001
3155.000000	1.434371e-003	6.701960e+001
3160.000000	2.353032e-003	6.702907e+001
3165.000000	3.578276e-003	6.704390e+001
3170.000000	3.200146e-003	6.706084e+001
3175.000000	2.363741e-003	6.707475e+001
3180.000000	2.724191e-003	6.708747e+001
3185.000000	2.076297e-003	6.709947e+001
3190.000000	1.090633e-003	6.710739e+001
3195.000000	6.939111e-004	6.711185e+001
3200.000000	1.131606e-004	6.711387e+001
3205.000000	8.006751e-005	6.711435e+001
3210.000000	3.529989e-005	6.711464e+001
3215.000000	1.290139e-004	6.711505e+001
3220.000000	4.178592e-004	6.711642e+001
3225.000000	5.169897e-005	6.711759e+001
3230.000000	8.878654e-005	6.711795e+001
3235.000000	1.903203e-003	6.712293e+001
3240.000000	9.790484e-004	6.713013e+001
3245.000000	1.921361e-004	6.713306e+001
3250.000000	6.833126e-004	6.713525e+001
3255.000000	2.609073e-003	6.714348e+001
3260.000000	3.220533e-004	6.715081e+001
3265.000000	6.442782e-004	6.715322e+001
3270.000000	3.214060e-004	6.715564e+001
3275.000000	1.565505e-003	6.716035e+001
3280.000000	7.577964e-004	6.716616e+001
3285.000000	2.948475e-003	6.717543e+001
3290.000000	2.323813e-003	6.718861e+001
3295.000000	3.251389e-004	6.719523e+001
3300.000000	4.736227e-004	6.719723e+001
3305.000000	1.050725e-003	6.720104e+001
3310.000000	1.047482e-003	6.720628e+001
3315.000000	4.313638e-006	6.720891e+001
3320.000000	1.606350e-005	6.720896e+001
3325.000000	9.436673e-004	6.721136e+001
3330.000000	1.252057e-003	6.721685e+001
3335.000000	2.439604e-003	6.722608e+001
3340.000000	9.321647e-004	6.723451e+001
3345.000000	9.553060e-004	6.723923e+001
3350.000000	2.169107e-003	6.724704e+001
3355.000000	9.825165e-004	6.725492e+001
3360.000000	1.420143e-003	6.726093e+001
3365.000000	1.951647e-003	6.726936e+001
3370.000000	1.070656e-003	6.727691e+001
3375.000000	2.301886e-003	6.728534e+001
3380.000000	1.393510e-003	6.729458e+001
3385.000000	2.044854e-003	6.730318e+001
3390.000000	2.694698e-003	6.731503e+001
3395.000000	2.614141e-003	6.732830e+001
3400.000000	3.430414e-003	6.734341e+001
3405.000000	1.224725e-003	6.735505e+001
3410.000000	1.947354e-003	6.736298e+001
3415.000000	2.004527e-003	6.737286e+001
3420.000000	3.631550e-003	6.738695e+001
3425.000000	2.764178e-003	6.740294e+001
3430.000000	2.403914e-003	6.741586e+001
3435.000000	3.200859e-003	6.742987e+001
3440.000000	2.229351e-003	6.744345e+001
3445.000000	3.144879e-003	6.745688e+001
3450.000000	3.103529e-003	6.747250e+001
3455.000000	2.315456e-003	6.748605e+001
3460.000000	3.496811e-003	6.750058e+001
3465.000000	2.743891e-003	6.751618e+001
3470.000000	3.432469e-003	6.753162e+001
3475.000000	3.067158e-003	6.754787e+001
3480.000000	3.150445e-003	6.756342e+001
3485.000000	3.399521e-003	6.757979e+001
3490.000000	2.932895e-003	6.759562e+001
3495.000000	3.457480e-003	6.761160e+001
3500.000000	3.364186e-003	6.762865e+001
3505.000000	3.338460e-003	6.764541e+001
3510.000000	3.386821e-003	6.766222e+001
3515.000000	3.258679e-003	6.767884e+001
3520.000000	3.441612e-003	6.769559e+001
3525.000000	3.249184e-003	6.771231e+001
3530.000000	3.168092e-003	6.772836e+001
3535.000000	2.696022e-003	6.774302e+001
3540.000000	2.578601e-003	6.775620e+001
3545.000000	2.728697e-003	6.776947e+001
3550.000000	3.017391e-003	6.778384e+001
3555.000000	2.597298e-003	6.779787e+001
3560.000000	3.099686e-003	6.781212e+001
3565.000000	3.120142e-003	6.782767e+001
3570.000000	2.400791e-003	6.784147e+001
3575.000000	2.492619e-003	6.785370e+001
3580.000000	2.941537e-003	6.786729e+001
3585.000000	2.650734e-003	6.788127e+001
3590.000000	2.737014e-003	6.789474e+001
3595.000000	2.803951e-003	6.790859e+001
3600.000000	2.979748e-003	6.792305e+001
3605.000000	3.012091e-003	6.793803e+001
3610.000000	2.759949e-003	6.795246e+001
3615.000000	2.761993e-003	6.796626e+001
3620.000000	3.391059e-003	6.798165e+001
3625.000000	2.993716e-003	6.799761e+001
3630.000000	2.914693e-003	6.801238e+001
3635.000000	3.019566e-003	6.802721e+001
3640.000000	3.370453e-003	6.804319e+001
3645.000000	3.116072e-003	6.805941e+001
3650.000000	2.980212e-003	6.807465e+001
3655.000000	3.236351e-003	6.809019e+001
3660.000000	3.221885e-003	6.810633e+001
3665.000000	3.030888e-003	6.812197e+001
3670.000000	2.338593e-003	6.813539e+001
3675.000000	1.431277e-003	6.814481e+001
3680.000000	2.472865e-003	6.815457e+001
3685.000000	2.805191e-003	6.816777e+001
3690.000000	2.884654e-003	6.818199e+001
3695.000000	3.019636e-003	6.819675e+001
3700.000000	3.246353e-003	6.821242e+001
3705.000000	3.218466e-003	6.822858e+001
3710.000000	2.802079e-003	6.824363e+001
3715.000000	2.764325e-003	6.825755e+001
3720.000000	3.113278e-003	6.827224e+001
3725.000000	3.214207e-003	6.828806e+001
3730.000000	2.789115e-003	6.830307e+001
3735.000000	2.585891e-003	6.831651e+001
3740.000000	2.669503e-003	6.832965e+001
3745.000000	3.120608e-003	6.834412e+001
3750.000000	2.809998e-003	6.835895e+001
3755.000000	2.723338e-003	6.837278e+001
3760.000000	2.687994e-003	6.838631e+001
3765.000000	2.596488e-003	6.839952e+001
3770.000000	2.774508e-003	6.841295e+001
3775.000000	2.756204e-003	6.842678e+001
3780.000000	2.919157e-003	6.844096e+001
3785.000000	2.690297e-003	6.845499e+001
3790.000000	2.371070e-003	6.846764e+001
3795.000000	2.714821e-003	6.848036e+001
3800.000000	3.021832e-003	6.849470e+001
3805.000000	2.855692e-003	6.850939e+001
3810.000000	2.533762e-003	6.852286e+001
3815.000000	2.386864e-003	6.853517e+001
3820.000000	2.974820e-003	6.854857e+001
3825.000000	2.932621e-003	6.856334e+001
3830.000000	2.963300e-003	6.857808e+001
3835.000000	2.379179e-003	6.859143e+001
3840.000000	2.779967e-003	6.860433e+001
3845.000000	2.722957e-003	6.861809e+001
3850.000000	2.741186e-003	6.863175e+001
3855.000000	2.645589e-003	6.864522e+001
3860.000000	2.488837e-003	6.865805e+001
3865.000000	2.524763e-003	6.867059e+001
3870.000000	2.297510e-003	6.868264e+001
3875.000000	2.113449e-003	6.869367e+001
3880.000000	2.044824e-003	6.870407e+001
3885.000000	2.121943e-003	6.871448e+001
3890.000000	2.159219e-003	6.872519e+001
3895.000000	2.348669e-003	6.873646e+001
3900.000000	2.493049e-003	6.874856e+001
3905.000000	2.496718e-003	6.876103e+001
3910.000000	2.250267e-003	6.877290e+001
3915.000000	2.206252e-003	6.878404e+001
3920.000000	2.196359e-003	6.879505e+001
3925.000000	2.169212e-003	6.880596e+001
3930.000000	2.234802e-003	6.881697e+001
3935.000000	2.334099e-003	6.882840e+001
3940.000000	2.352509e-003	6.884011e+001
3945.000000	2.399565e-003	6.885199e+001
3950.000000	2.430165e-003	6.886407e+001
3955.000000	2.462653e-003	6.887630e+001
3960.000000	2.474805e-003	6.888864e+001
3965.000000	2.496319e-003	6.890107e+001
3970.000000	2.459408e-003	6.891346e+001
3975.000000	2.407713e-003	6.892563e+001
3980.000000	2.371417e-003	6.893758e+001
3985.000000	2.389021e-003	6.894948e+001
3990.000000	2.372580e-003	6.896138e+001
3995.000000	2.323256e-003	6.897312e+001
4000.000000	2.292062e-003	6.898466e+001
